0.00102673450649359 8.819084812395433E-8 0.9811103022581156 0.017008891529611242 3.1863803317079695E-5 6.838514495926964E-6 4.3236913498535937E-10 6.058964378299125E-4 1.625532483881009E-4 4.683107853132252E-5 
0.09264019546203328 3.4280922249112137E-7 0.8213012812816379 0.06590221926465903 2.2947374107020826E-5 0.001381149882856695 1.49454484978302E-6 0.012258092478315585 0.0011476609567687484 0.005344615945549479 
9.542265410703184E-4 3.2598624476217846E-21 0.9912205238541791 3.1391605710969585E-4 9.520068172433891E-12 1.6491842457147664E-4 6.800974120588483E-7 8.738473451135755E-8 7.12297296607488E-5 0.007274417901741973 
0.0822739257340368 1.98087573900536E-14 0.8974831733122276 9.571981337772665E-4 2.1551667602898457E-5 0.01269335232917233 2.5393738075356528E-6 0.005510390742561192 1.6924273360024345E-7 0.0010576994640612845 
0.016166354383925552 7.562855437323982E-19 0.983601740496265 2.0018519111863263E-4 3.299935850509023E-27 1.5137182919980802E-5 4.065845719325867E-11 1.653934992070224E-7 2.998884985223308E-6 1.3418426627858501E-5 
8.433200860640273E-8 2.3503392613178847E-18 7.044676300189997E-4 7.528247820028017E-9 6.942494293727807E-12 0.00190686831147141 4.215030386012773E-9 0.9973563379570427 1.1701392667105905E-8 3.2218317844895134E-5 
0.0072470350282270325 9.116249101482316E-16 0.9541040966822547 0.002909640373764301 5.749869724627986E-7 0.028318033353081452 9.020705136957176E-4 9.738103913394919E-4 9.142565220017845E-6 0.005535596105444174 
2.1509812605508689E-7 1.6366544126814443E-49 0.9999980752077218 2.0375050931810104E-11 2.2563414885946902E-17 1.701315885911747E-6 6.1076036688150874E-12 2.808358165394103E-16 6.777588324842818E-16 8.351782760226988E-9 
1.0156332559810058E-10 2.5492665333063478E-67 0.9999998607097552 3.0916195232501176E-10 1.3573498877909145E-19 1.3597904954130294E-7 3.872006226277016E-10 4.0510175891564384E-20 1.217487965010606E-19 2.5132694250651378E-9 
1.058211222366482E-6 1.9321896513989806E-23 3.869517668409629E-4 1.0333477443654775E-8 1.942369988685613E-15 1.4293404711455943E-4 1.6400089539417424E-10 0.9994666082651215 5.581599735215683E-15 2.437212214866508E-6 
0.9983979547676728 1.7566082725185715E-16 5.737693330876791E-4 2.3879302613800523E-5 2.5903645749256977E-11 1.7368541826816087E-5 6.6240374070632765E-12 9.782257427479414E-4 4.725368713959397E-16 8.80227952261782E-6 
1.058211222366482E-6 1.9321896513989806E-23 3.869517668409629E-4 1.0333477443654775E-8 1.942369988685613E-15 1.4293404711455943E-4 1.6400089539417424E-10 0.9994666082651215 5.581599735215683E-15 2.437212214866508E-6 
1.3326338907501403E-6 4.256602879934782E-58 9.586473596423142E-6 0.9989561060005142 1.0904559474660355E-26 8.457478995831259E-4 1.070458193251651E-8 1.4104174284313337E-6 3.2346139555717015E-12 1.8580586717049198E-4 
1.8832222173353545E-7 9.130607899601205E-37 0.9998786307583 3.780318555467899E-9 2.201064712473644E-24 3.0422886396862764E-5 2.4800339406774238E-8 9.066572259221138E-5 1.3661270657346297E-11 6.371617003204558E-8 
1.0299489658517674E-5 1.1522357440114204E-39 0.9932230225637566 1.4280765495897943E-5 7.755574425718803E-19 7.41064949858535E-4 3.992374048820102E-8 0.006002654227074327 8.484321516684411E-6 1.537588989695256E-7 
0.05633138092214657 2.414648650329549E-16 0.9213451129726873 2.2619679970911466E-7 3.478892104046382E-5 0.022194558916214305 3.378256684802886E-8 3.7223212960065125E-6 1.2929300568227653E-10 9.017583795569418E-5 
1.2434621699557623E-7 1.3447938979276798E-43 0.9996605718795232 7.743268995280477E-8 1.052919401728905E-11 5.436896566575337E-6 5.019999536136972E-11 3.3372447723256085E-4 3.186059749413268E-15 6.490703852685421E-8 
0.9788239106430044 2.590826525566072E-23 0.012860452231830907 9.013844375890945E-4 3.4782646116170747E-7 0.0070703790286961565 2.53133317065973E-5 2.936609854344013E-4 7.666460828419875E-11 2.4551438612614767E-5 
0.0011195278191498531 3.168967512009715E-22 0.0014214001253460018 0.03499136598499936 6.04820196095025E-9 0.9623831938433287 1.0674414842124668E-5 4.6292483675193384E-7 3.452674964358427E-11 7.336880476851148E-5 
0.0011195278191498531 3.168967512009715E-22 0.0014214001253460018 0.03499136598499936 6.04820196095025E-9 0.9623831938433287 1.0674414842124668E-5 4.6292483675193384E-7 3.452674964358427E-11 7.336880476851148E-5 
7.582227586344031E-8 1.2899364303902986E-36 0.9999965936871322 6.893214602623641E-10 1.0732322752039832E-10 3.2606228276345637E-6 4.1172544531094065E-9 1.8532151161816947E-14 6.494817211335286E-8 5.674825342335039E-12 
0.9897932411072655 1.3916684391676552E-26 0.009301734299707825 7.882411937691264E-4 4.685776550708693E-7 3.329484737490767E-5 5.915021456205478E-10 4.237046600912237E-6 4.483914949500978E-6 7.429842117488597E-5 
0.007682406579949007 2.6504163409942286E-17 0.9922904545623463 1.450784993431882E-5 2.7785196923988636E-7 5.271294591410365E-7 2.8760708085838983E-12 7.083133279863638E-9 7.026017087907639E-6 4.792923244681068E-6 
0.007682406579949007 2.6504163409942286E-17 0.9922904545623463 1.450784993431882E-5 2.7785196923988636E-7 5.271294591410365E-7 2.8760708085838983E-12 7.083133279863638E-9 7.026017087907639E-6 4.792923244681068E-6 
4.7618227341021435E-4 4.2823817303278254E-33 0.9176878722636811 2.4547396169983318E-5 2.405906612343104E-25 0.0817184106270977 3.280652069691462E-11 9.045919424543427E-5 8.486548746021131E-16 2.5282125881813643E-6 
6.790777310336051E-6 6.3454216826428095E-24 0.9999925215841576 7.350099732925971E-9 3.182820824246543E-17 7.611630911658903E-8 1.2322440975913948E-7 4.803395650047189E-7 7.771040728518012E-21 6.081484798821216E-10 
8.311800075214156E-9 0.9998677833484927 1.322083056258075E-4 8.173125723040071E-14 1.6592150816053296E-13 1.1134154761197462E-11 5.997521325239161E-17 5.544942135795064E-13 1.6025924137076802E-12 2.0542658680859717E-11 
1.7583375691752107E-7 9.896699503814223E-36 0.9999997848936072 1.2234942625141159E-8 3.770044080644208E-29 2.7034695029169855E-8 4.351098586908826E-14 4.699688306846967E-15 2.179631868404529E-15 2.9478392908328327E-12 
4.9283187856100405E-6 7.539435567339035E-21 0.10265877135809287 0.0011319910389898697 1.552855185154626E-11 0.8942803414631381 7.968558583434017E-7 4.975657334698941E-8 0.0013842205978706827 5.389005951627257E-4 
1.213720782596613E-4 2.008939251674984E-7 0.997397850164423 8.543671970979055E-4 1.7147267313246108E-4 1.4007789692670753E-8 7.278190166563041E-13 1.0850954375617039E-5 0.001386129101941106 5.7742928327597964E-5 
3.3278046331058277E-7 8.298917483147892E-48 0.9999814487219582 1.815445252160341E-5 1.0367310003087024E-19 1.961619348878374E-9 3.5908761342319673E-22 6.20834190475496E-8 3.2194295111124265E-25 1.8476340654074282E-14 
7.471593381430808E-7 2.884730598409063E-25 0.06606208644279393 1.2497531782873538E-11 3.165383879957332E-12 0.9339110494269695 3.5007564082015916E-9 2.582647096401051E-5 9.64485616092171E-14 2.8698341870839933E-7 
8.302108412358427E-6 9.956145560694417E-22 0.9997930478840793 8.392335531893825E-8 9.82933613200226E-5 2.0231190293924132E-5 2.970269049584932E-7 7.211716902440331E-5 4.108223827029847E-17 7.627336609576681E-6 
1.0799294749710458E-6 1.0930272971751737E-43 0.9999957539299347 7.715829297484622E-8 5.823153437261972E-8 2.9271030426507624E-6 5.179050381473209E-12 1.6998763909977494E-8 2.815737920479276E-9 8.382803954715878E-8 
0.39905980967636145 1.1965549368428962E-18 0.5702996961728329 6.703307419561898E-4 2.6180385457110866E-11 0.029215419372991696 5.19514860129493E-7 7.376861786242502E-4 3.8768811621693644E-10 1.653792850478207E-5 
2.6885745972227475E-14 0.9999999957353499 1.0043010524140138E-9 1.576344441489045E-11 4.960499710892745E-13 7.940393847695842E-13 8.25892503192245E-11 3.9908679584665636E-13 2.2543918390222747E-15 3.1602779081808505E-9 
0.9723367490068395 1.356861944842081E-24 0.0011462656262310846 3.322012414829472E-4 7.521931460706496E-21 1.7855114394766132E-4 0.001948054138824109 0.024058165649638058 1.7258840137956829E-10 1.3020448133212267E-8 
7.660303066536326E-8 4.892347310372646E-28 0.999983283115638 1.6137520001254872E-9 2.8480499027500336E-15 7.564193159500161E-6 4.825484250917373E-15 8.542593938558375E-6 1.2352913681317487E-10 5.317569445679513E-7 
9.435010675641319E-4 1.7699633227302106E-36 0.9990548158836234 4.2062251895677993E-7 7.218250019421034E-14 1.2616760249130498E-6 9.243697382888823E-16 3.193582386875705E-10 4.089442502027003E-16 4.3083682453516043E-10 
0.0022220821005954666 6.953838647881761E-26 0.8871939705908131 4.8130879815308394E-8 7.910206217987339E-8 0.002238647992333052 6.141560479831854E-4 1.1956228958561664E-4 0.10761128393341775 1.6981233004000623E-7 
0.4063249361836314 1.4545598544305162E-6 0.5874363202685731 1.2315332640891656E-4 4.594697544335377E-8 0.001887044572416767 9.702434239074697E-7 0.0034098852670108246 4.488152434371554E-8 8.161447501808946E-4 
0.01525238431467636 4.702166029619427E-39 0.0278219153453295 3.261536130377668E-5 1.3628339795875467E-19 0.08173124918294154 0.871355611642916 2.7859487886071815E-4 3.022869618946729E-8 0.0035275990452757525 
4.292470975568588E-4 3.1433950042746275E-17 0.9978737352718751 2.473433214089933E-8 7.718632831084293E-15 8.761393849088869E-6 7.415188649362833E-13 3.0123153927457116E-6 1.6956431756839952E-11 0.0016852191692881067 
0.10889520218763456 1.478384686683711E-14 0.8499203071459867 0.012262469828004798 5.467229136806563E-8 2.223239459517007E-5 1.910709699854676E-8 0.028508672572736152 4.214686833273279E-5 3.488952233068842E-4 
0.9464582142871345 4.060756415589806E-12 0.04105648534504137 2.541159976339617E-4 1.4781729513666982E-13 0.0025371303913630694 1.584591640222153E-4 0.009532693974838522 5.196775332814689E-8 2.848868004678444E-6 
0.0069143927840148054 5.504193279034591E-12 0.9728253399787858 0.009508357378529505 6.572239305820651E-7 0.00859782568910872 5.7891234647136206E-5 0.0020377144338629086 8.426954639019143E-8 5.773700206979867E-5 
3.6702360143060455E-4 8.484167621415192E-21 0.9849302994631615 0.008076889570110067 4.902309771680047E-19 1.2758176513502242E-8 4.180651491327592E-12 8.22073301538466E-5 0.0065248625021129105 1.870477067394372E-5 
2.3739236663372767E-4 2.7652221715496296E-36 0.970173878481237 1.3828509886694567E-7 3.950860854970231E-17 0.02873979456358052 3.611750276214829E-5 1.7091799824000236E-5 9.352786612086243E-10 7.955860655849298E-4 
0.14735811875293855 1.833726277235559E-23 0.8524839533431597 6.834126066061727E-5 1.62128912785762E-17 4.357398676303957E-5 6.175394003806553E-11 6.653248813399094E-7 1.0001027706502784E-18 4.5347269842781385E-5 
0.0019981910537465856 2.7862437376014667E-11 0.9219346469265187 5.229099123577661E-6 5.306848673821864E-9 0.002191960061394343 9.929000741446436E-6 2.0459742965391715E-6 2.1844012341695692E-9 0.07385799036506635 
9.254438464045031E-4 3.3055950350319884E-25 0.8896022150186891 3.167507250737609E-5 5.239361048357447E-7 0.10911654270460067 5.147276572163397E-5 2.8061123874129386E-6 4.114083667185986E-11 2.693205024435656E-4 
0.0013178745373162244 1.0187839085243083E-12 0.9985934092091755 1.541210393631044E-8 1.2300604352480323E-10 6.558699994196137E-6 4.850070899208817E-15 9.687967828046627E-6 7.242731254101584E-5 2.673701140853548E-8 
1.9285538170954106E-4 9.701608112304692E-16 0.9998059125091999 1.974786428259344E-11 9.87021738573723E-21 1.2263261057964483E-6 2.18832715797027E-11 1.0578803181290228E-9 1.9866194993048764E-11 4.663606061645262E-9 
1.1535026180564623E-4 3.5819091769296607E-38 0.9998796949987219 1.2068039387383572E-9 7.872046732734159E-26 4.825604653563397E-6 7.924257077928254E-10 3.161184621872389E-8 1.2912424774663106E-13 9.55236138930871E-8 
4.001963188885161E-12 7.200707237480854E-21 2.9215076573783654E-6 3.3642226121923707E-11 0.9999965751032758 1.2519684880187943E-9 2.5482422012955677E-12 1.2428771890390142E-8 3.6405173865391223E-7 1.2561639556857413E-7 
0.018005896779330604 3.0317092727109278E-28 0.9770035524639774 2.8268911074217983E-4 1.4943052489790237E-14 8.442611041279644E-6 2.1576474536023994E-12 0.004696500675720066 1.5283034457621521E-6 1.3900535700298746E-6 
9.330884559038056E-6 4.1759012737457906E-14 0.9145480665686758 0.0012280522014767215 3.883475532439714E-11 0.061854197629979686 4.828984616164891E-8 6.905401843663504E-6 8.03569302873667E-6 0.022345363291713348 
2.5472078398777054E-4 2.6665801185813114E-16 0.9970511539406733 6.222801585473121E-8 1.4987816035276652E-19 6.79765359547425E-4 8.164049668142842E-5 0.001932656702331542 1.9738502234360536E-16 4.887623147244515E-10 
2.820274683177291E-4 1.0189393981566829E-19 0.6788111007827196 3.8325612966947763E-4 1.4351418781326105E-12 0.29466708926089147 0.02550935040206526 1.135794177388168E-4 2.468380122457616E-15 2.3359653716020076E-4 
0.00229265594960331 5.037847651598612E-38 0.8660075029866287 2.7217033395627545E-8 4.5153649193408046E-20 0.13021885739945396 6.83310183359738E-14 0.0014770289893677405 9.434282269842091E-8 3.8331150215943265E-6 
1.1357836471768337E-9 0.9999928092391741 4.293780993142737E-6 2.4317477929188675E-11 2.8204981256279494E-6 4.606298916466816E-8 3.7928052833003093E-14 1.3592159086907573E-11 7.315576500298588E-9 2.1929410241897147E-8 
0.00921431944978864 6.303061744770751E-21 0.8180749430884494 8.29598868773105E-5 1.1825203196858672E-6 2.9037022878401634E-5 1.6671842387402313E-11 0.17242236303348374 9.066394978345873E-7 1.7428834203313018E-4 
1.7444801624015313E-15 2.935177015673183E-51 3.12402361726779E-8 5.855376642619153E-19 0.9999999687279642 3.1797818459495143E-11 3.9938076772269944E-19 1.2878050244843687E-22 2.6857035669578075E-34 2.4329998570810876E-18 
1.7444801624015313E-15 2.935177015673183E-51 3.12402361726779E-8 5.855376642619153E-19 0.9999999687279642 3.1797818459495143E-11 3.9938076772269944E-19 1.2878050244843687E-22 2.6857035669578075E-34 2.4329998570810876E-18 
1.7444801624015313E-15 2.935177015673183E-51 3.12402361726779E-8 5.855376642619153E-19 0.9999999687279642 3.1797818459495143E-11 3.9938076772269944E-19 1.2878050244843687E-22 2.6857035669578075E-34 2.4329998570810876E-18 
0.0262576995379524 3.478666839681968E-51 0.9450819054485465 3.827369707111986E-6 5.643596209330784E-16 0.004887701652237108 6.340159515272968E-8 7.05896280486578E-4 4.123447225945883E-9 0.023062902186027256 
0.005888521855287259 2.488074460593926E-16 0.9940298583597375 1.8544127103134675E-5 1.0522477622632589E-10 7.739737872391305E-6 3.8938272208523463E-7 3.914876708992472E-8 1.4686523455313263E-10 5.4907136420496544E-5 
0.0015531403760618188 8.682473006912306E-14 0.8772448244046096 0.01242460130684387 0.02716284443271234 0.07870215857419338 4.363899748245594E-6 5.424634478058948E-4 3.094055639045372E-5 0.002334663001547381 
4.4307212260764826E-8 5.654854079498191E-64 0.9947862578617507 4.515525768356437E-7 4.696818572233655E-33 0.005175135932171637 3.4268238285304016E-5 3.925208012634732E-11 6.523267624137254E-10 3.841416424532142E-6 
0.04150413548704941 1.0767435531529078E-17 0.9204322663485254 0.0015105722296025958 2.6748294572304154E-11 6.686485187345751E-6 4.5625036685222864E-15 0.035864508649962254 2.0241468335469982E-5 6.615893045847039E-4 
0.07680701410402709 7.942173577860045E-23 0.8342904432376185 0.0013741437166309822 1.6361969026434665E-8 3.914948983168616E-4 1.025334728942774E-6 0.08659011789933509 4.722926415909078E-4 7.34518057826933E-5 
0.0014766380815097128 2.5693693110284247E-39 0.9916508634122548 1.8697177370565E-6 2.0372667406913697E-18 2.4883692462407448E-6 3.779782738156826E-16 5.262758600986288E-8 3.9776963674268653E-10 0.006868087393896224 
0.1375534848282575 3.737471605945579E-17 0.7513738814541062 5.1499823834239064E-5 5.4449054163896506E-5 6.293058584924991E-4 9.599278133158291E-5 0.11021488247723352 1.1860732201713992E-7 2.6385115258326448E-5 
0.02322085571937826 2.963400166232941E-14 0.9703043593740917 0.0026953534805724522 2.928645793365796E-7 0.003648727581690267 1.3451208924700731E-7 2.2501283860283413E-5 3.936054043455062E-6 1.0383912966521786E-4 
0.1375534848282575 3.737471605945579E-17 0.7513738814541062 5.1499823834239064E-5 5.4449054163896506E-5 6.293058584924991E-4 9.599278133158291E-5 0.11021488247723352 1.1860732201713992E-7 2.6385115258326448E-5 
0.5263513629586456 2.282416751992299E-13 0.4236029412631744 7.402449750300978E-4 1.8953207876311395E-6 1.8467616407908505E-5 8.825545781700681E-6 0.049235467695883335 4.1662518452862406E-8 4.075296154268839E-5 
0.6241515145290729 5.9495683332924796E-21 0.37517524582693323 1.4777101153970207E-7 1.0995196769717103E-6 5.092211250037813E-4 1.4237642590186985E-6 2.2682098301363368E-6 5.591961931892047E-10 1.5907869501634715E-4 
0.01626266342916925 7.144936162526449E-14 0.974462239954505 0.006967021138935923 5.769164551277158E-8 8.704288474886511E-5 3.9549710677122215E-8 0.0016553619362143458 5.635032312434842E-4 2.0701837555456495E-6 
3.5219866416849653E-4 1.5036803187448017E-10 0.8022417409742157 1.9469667428740885E-8 6.75778287954709E-24 0.0012187711060605046 6.892401839971961E-8 0.19618720069415718 1.3893512306103735E-17 1.7344039399602178E-11 
2.3720620087274462E-6 2.2406616693704588E-42 0.9999151844382297 1.1791700573446783E-9 7.097779131322304E-11 1.6372756250075447E-6 3.6945325853669406E-11 2.4636862637053442E-15 8.752963739199287E-17 8.080493704096466E-5 
0.03312093073078356 1.0088704880680136E-9 0.4462127548673509 0.056534909089893004 0.025690910355015036 0.013027236890601358 7.611096939983192E-5 0.003283623319920665 0.419628212993235 0.0024253097749299983 
2.5878809918739097E-4 5.47765284758184E-10 0.17927211037095536 5.474975672212751E-4 3.191930916823444E-7 9.771395457137018E-5 1.3315513348819808E-6 0.005016775163335492 5.982611307040345E-6 0.8147994809412302 
2.2641388995649245E-5 2.604634989007843E-16 0.9999012311692791 1.857723596936325E-6 1.3740379444176243E-15 9.050280463563474E-6 5.7515494469729615E-11 6.385980403640224E-5 1.1107767367084212E-9 1.3584653344718908E-6 
0.0024898715384568436 8.178233698810691E-53 0.007548901231716701 8.140833220029313E-9 1.2034869594348707E-21 0.0011634518604478022 1.26653235538472E-4 0.9886710991429717 3.3119153976016887E-21 1.485003524450745E-8 
2.3019707274273416E-4 7.498093192040144E-40 0.3154397114012593 1.7075322095709023E-5 1.1226568487046993E-23 0.6758228101351446 0.008488498621693513 1.275823716726343E-7 1.4040709788406774E-6 1.7579371372204242E-7 
2.6302315071711514E-4 1.0405978725675243E-15 0.9997079605531869 1.4614749855038162E-5 1.873664761103315E-6 1.2493666757567387E-5 1.9538598453834868E-17 1.961044009789117E-8 5.87444729777176E-14 1.4604222442014432E-8 
0.018614281683288974 1.2127064874804369E-8 0.9774007101390968 3.669780271818248E-7 2.5186631350550147E-11 1.51737335437328E-4 2.8109472544321264E-8 0.003783401418314173 4.245110957092768E-5 7.0110745406241126E-6 
0.0052425604648200985 2.1884718092015885E-16 0.5008980659185014 1.0196752314715748E-4 1.315276817815317E-9 0.48217823653968295 6.348633173752765E-8 2.2689080302585167E-7 6.031927823703477E-6 0.011572845933612894 
6.256254419140639E-5 3.93140485469548E-61 0.0036726219317394383 1.1327500769794588E-9 1.3024611856558254E-35 0.9962619078808578 2.7786141853383408E-21 2.9065099584108474E-6 2.4776404196622612E-30 5.02944285862384E-13 
6.312348703071593E-5 5.203007512508929E-46 4.5045159077210706E-4 9.965676131906283E-9 1.1291344024874332E-16 0.9994849586276459 1.4270189801492614E-13 1.3537561688894341E-7 4.467432445842514E-11 1.3209084411542114E-6 
6.312348703071593E-5 5.203007512508929E-46 4.5045159077210706E-4 9.965676131906283E-9 1.1291344024874332E-16 0.9994849586276459 1.4270189801492614E-13 1.3537561688894341E-7 4.467432445842514E-11 1.3209084411542114E-6 
0.02020525218725563 1.9499687514180093E-13 0.963220796702985 3.667215172459378E-4 5.978127454575247E-11 9.589521695847768E-5 3.1445903729542225E-5 0.016074118784462403 3.2152248810840975E-10 5.76930586448599E-6 
0.002911971806287003 3.1844798835343666E-75 0.9772904679834186 9.973517064377541E-11 2.8568063859624464E-37 0.01551332129014728 4.511829563539761E-12 0.0042842388159001835 8.653887450274436E-19 1.8943189351921846E-21 
2.9786116551368214E-6 2.7211065335890656E-52 0.9992744263123386 3.9862727616012056E-8 1.5344025462124565E-24 8.212538727746136E-8 1.7004579358493327E-11 7.224730672286484E-4 2.940069160604152E-13 3.364090059373379E-12 
2.9786116551368214E-6 2.7211065335890656E-52 0.9992744263123386 3.9862727616012056E-8 1.5344025462124565E-24 8.212538727746136E-8 1.7004579358493327E-11 7.224730672286484E-4 2.940069160604152E-13 3.364090059373379E-12 
5.4329331465901735E-6 4.190933059204016E-11 0.9999856395186049 8.849703917662152E-6 1.810799387496898E-8 4.825824741665323E-9 4.263203871564325E-15 5.468951335775961E-8 1.340794198851829E-16 1.7908504139571049E-10 
7.54951898961448E-7 9.494752123324572E-54 0.9990008414687627 5.1401281293591526E-11 2.7861966038381174E-32 9.945583485610186E-4 3.81320794007538E-6 1.0251549244443898E-11 2.5018023061255596E-19 3.196118458014843E-8 
0.4693091269007992 0.42345471612892427 0.08802535643976589 0.010066503815404347 3.210049320505143E-9 3.105117806072113E-4 1.4936539618038277E-6 0.0049583266761300485 1.302603946471795E-4 0.00374370099971054 
0.4693091269007992 0.42345471612892427 0.08802535643976589 0.010066503815404347 3.210049320505143E-9 3.105117806072113E-4 1.4936539618038277E-6 0.0049583266761300485 1.302603946471795E-4 0.00374370099971054 
0.0036571330753998824 9.306570664130749E-24 0.9956716577481883 2.2060973485453045E-5 2.3997894066052992E-15 4.165806218126634E-4 2.635233093475714E-8 2.674660319483976E-7 2.3222894500435156E-4 4.4817744139211065E-8 
0.6324653240247754 2.8193855866350166E-35 0.3555060014633427 2.258626132758467E-4 1.1462606164417638E-10 0.011802747213782525 1.1446211519463062E-12 6.394591002121774E-8 2.1763096837391823E-10 4.055115034255287E-10 
0.08793211238074457 1.282698117342881E-20 0.9120163013757094 1.595483178879182E-7 1.6688887003588578E-15 1.6462531084478934E-5 8.434730776124323E-11 3.0526553968855426E-5 6.326944129412529E-8 4.374256384389183E-6 
0.9218339627855033 1.2055933735866465E-16 0.07816533078125493 6.83332529772486E-9 1.85771579847144E-15 2.69274010729289E-7 3.053974319750361E-13 2.1846903424728292E-7 3.117378181500182E-8 1.8068278243815705E-7 
4.093057499552255E-9 2.6687398753964596E-33 0.9999805933114493 1.527735998596102E-6 3.60866272376934E-12 1.787444371272619E-5 4.396440508519714E-14 2.2484667316902398E-11 2.43120433880168E-14 3.896204927739508E-10 
0.0012289031904533024 3.913680941154657E-49 0.9987081489426389 2.4895731975387493E-7 1.2558489108555588E-15 6.246473821291734E-5 2.402200171253513E-10 1.3749302793903E-8 5.1264545376500735E-12 2.2017672449043613E-7 
0.0026921592367311646 3.301591656013385E-58 0.9972602860511046 6.466900312590314E-11 9.477549315572466E-11 4.755234261713179E-5 2.2094502865931354E-9 6.282110316421728E-13 3.53001875146564E-21 2.3880925691950954E-14 
9.153223103358818E-5 2.6756205442455705E-17 0.9998728278275804 2.709742036267305E-6 1.239387572147976E-11 1.5711920624671193E-6 7.1545476495603235E-6 2.4087012570021353E-5 2.7372327376343793E-17 1.1743467372384938E-7 
1.109682013407819E-6 3.075078561149086E-52 0.9989992909064266 7.732958467062621E-11 1.2153290624302437E-39 9.953112680779615E-4 1.2845096476928918E-15 4.812921498237289E-15 2.5175451463131055E-24 4.288066146588676E-6 
2.2350751125639628E-4 7.355031720125519E-20 0.9827985598587413 1.533430190663539E-6 1.0164978313602514E-9 1.9967575089764893E-5 1.4803195663933193E-11 0.016805217723581366 4.565513732749928E-9 1.5120830432568432E-4 
0.004045312002657538 2.3197235154294873E-20 0.9805739058942308 2.8816094251667314E-4 2.516753023836288E-16 0.014452149154907806 6.913043047371083E-5 2.9701540443818333E-4 4.96623873741224E-10 2.7432567415110973E-4 
0.047418054908683435 4.2394427701645894E-7 0.9505300876906384 5.089165690674303E-4 2.9431125530498197E-4 0.0012422406431066197 1.3305846608029109E-6 1.6992376727591313E-6 1.0530854525364538E-7 2.829858043408568E-6 
0.021864113663013274 1.5558418049029532E-14 0.9694104845691303 0.0016124637168918687 9.911074382813952E-13 0.0040389847348483 1.7702526850097736E-5 0.0015812964180192317 2.0761126926772225E-9 0.0014749522941275497 
0.22988087985906827 4.618438721444466E-12 0.7696378880289441 3.527404395254729E-6 2.7393837954506862E-5 4.1751654416199806E-4 1.8142799419325343E-8 3.093993016049418E-5 1.2599788280026232E-11 1.8362352976208183E-6 
1.2892201136315542E-6 1.343668676890793E-37 0.9999986635548889 4.0027513071436285E-10 7.684466103961197E-16 4.3864545583738863E-8 2.3531896807269947E-20 1.1537083823967122E-16 5.741682888853415E-20 2.9601757364440834E-9 
1.9348315031880877E-4 1.511478318315497E-35 0.999805275437044 1.532907744658795E-9 7.875055158025598E-24 3.5966705310182434E-9 3.1646272265555948E-12 1.030470127733748E-6 2.818216067643708E-17 2.0580976652060825E-7 
0.026400588021298577 2.606983910093319E-16 0.9182162243909502 0.01920182674102444 5.265640592878327E-10 0.03587612677031116 8.034253535544821E-7 6.67745722419855E-7 2.932399773006085E-4 1.0522401474628873E-5 
4.5166486352521855E-5 3.0167008891701755E-17 0.9981440999056921 0.0017607720072550677 1.2219028838174566E-21 4.4762790537353355E-5 2.5971687586342208E-11 5.198515602413194E-6 3.756883834505511E-12 2.648319263912554E-10 
0.002368370468262298 3.977855905289465E-31 0.9976193118740346 5.51264329337356E-6 7.981824567499113E-8 2.3019132488833018E-6 4.484185690062271E-12 4.345822709867544E-6 5.3329062931214014E-8 2.4126658190303172E-8 
0.21397679096384734 5.347753098396882E-10 0.7312972564497017 0.008408081263557339 1.4788746054327415E-4 0.004547776772962833 0.013312148389012292 0.027669130464897825 3.716950995209232E-6 6.372107497070176E-4 
1.1627129793160357E-6 7.569173631950497E-19 0.7820535358644679 8.008532185472019E-8 1.410375508498804E-6 0.0013256181089482612 2.820624086172212E-6 0.21214800302750284 1.7827212748743646E-6 0.004465586479910006 
0.00479721577482567 1.8347931252809522E-11 0.5826260018689872 0.10353861548000144 1.6388570969650864E-6 0.3046065027486591 4.162441458697848E-6 0.0032934148837226907 1.679502532860884E-4 9.644976736141493E-4 
1.773711656689156E-5 1.252110073058006E-38 0.002581956817321233 3.814771716200439E-8 2.8249049414640755E-15 3.721814473014555E-6 4.968132285486185E-16 1.970232215202961E-4 0.9971995142916411 8.590756930684334E-9 
0.0019116217805394556 4.377034232421603E-24 0.9945159511765628 5.483718877661776E-7 4.0396823257450693E-13 0.003454891465112698 7.209361533885395E-9 4.772178551384702E-7 9.151707673249369E-5 2.498570154406874E-5 
0.0019116217805394556 4.377034232421603E-24 0.9945159511765628 5.483718877661776E-7 4.0396823257450693E-13 0.003454891465112698 7.209361533885395E-9 4.772178551384702E-7 9.151707673249369E-5 2.498570154406874E-5 
7.870801613856068E-4 5.603739970933081E-34 0.9991879092964687 2.6343914423760456E-6 3.406285896528415E-12 3.0263414232760047E-7 2.408418322720161E-11 7.189947737328646E-8 1.8727389797772543E-5 3.274199795374726E-6 
0.008932555933431806 3.165809701932885E-10 0.6226681988604176 0.04238727606944578 0.0027229505604539814 0.2816087452498007 0.028151837870760223 0.009475406447176307 0.0040113904377876725 4.163825414515398E-5 
2.026563892683495E-4 6.376391563700583E-14 0.9658487832121067 1.8035516529308707E-4 0.029733704344147058 0.004033363396537207 1.6476559850767447E-7 6.897615470798823E-7 1.9181447720624124E-8 2.637839905600089E-7 
0.001958682049339105 5.3504072146142344E-14 0.9914719257194942 4.916857436988248E-10 3.4916430462280867E-16 0.006545355626310059 7.689354139222953E-15 2.4628064812043156E-9 6.445253107168706E-16 2.4033650302245862E-5 
1.6546288536393574E-4 4.808177143199337E-22 0.9981667771204715 5.942785186862538E-4 3.267016911108099E-10 9.062346707446248E-4 2.8303423865926362E-8 1.462033231066676E-5 4.9405565408017056E-5 1.0319227688926905E-4 
1.6546288536393574E-4 4.808177143199337E-22 0.9981667771204715 5.942785186862538E-4 3.267016911108099E-10 9.062346707446248E-4 2.8303423865926362E-8 1.462033231066676E-5 4.9405565408017056E-5 1.0319227688926905E-4 
0.01664276244647785 1.0722597377105185E-59 0.9827143053804551 9.87797032784284E-9 5.799845721496821E-22 6.429222947793728E-4 7.396956865877878E-21 3.076818954252974E-13 3.2834477975032554E-27 9.51720198973868E-15 
3.0808631496915694E-6 6.581135951766106E-36 0.9996394284638004 1.7287192336564951E-13 1.0250708682445802E-14 3.5377463874904905E-4 2.288348716702488E-13 1.2666694695563014E-9 1.0906442443493886E-6 2.62412297507712E-6 
6.718443006697735E-5 4.520177490615262E-44 5.640520344408E-4 7.978935052643173E-9 8.003958293588429E-20 2.9745106871452088E-5 0.999333461730446 5.247547191148919E-8 2.0871574340479846E-11 5.496222896212156E-6 
0.002201789688984554 7.128751710283852E-12 0.23003110875574562 0.011003202980867802 2.1061750508591223E-15 0.05452345839999804 0.005244538770337461 0.6961068017784057 1.932662951523098E-5 8.697729890147993E-4 
0.30757154185403274 2.233691929170414E-37 0.6924188644578131 7.444063802162802E-6 2.915020711950442E-19 2.1473156271457123E-6 1.52862500104548E-15 5.0099664190288144E-14 2.5948619709524503E-16 2.308672961499102E-9 
7.262937716692366E-4 1.0476126903757748E-17 0.9912256263601766 6.659823088679784E-5 1.2210490009407625E-13 0.007860972719942697 4.1778159562544543E-10 8.068265500201188E-6 1.65920760324452E-9 1.1243857471305946E-4 
6.151921547110633E-8 8.349812622573245E-48 0.10361384867471679 6.6491946732254824E-12 1.663726942927192E-29 0.8960288266055904 1.4049891663369324E-5 1.602449127437917E-10 4.7270816997089884E-8 3.431658711029859E-4 
6.899701551416777E-7 2.1831804811549403E-24 0.9999845277857127 5.7359459495418243E-8 4.992804404599133E-6 9.506072731109758E-6 1.2479785180747327E-11 7.792474293197885E-8 1.3277143542684255E-8 1.3479317074901886E-7 
6.388639202717809E-4 9.824434449411137E-27 0.9973343405233381 1.3924661123239186E-6 1.99331058301729E-10 1.1775791163194198E-4 0.0018675074271192146 3.885463882999902E-5 1.1023163209997052E-10 1.282803133836057E-6 
4.495417364399589E-4 2.720986047165518E-29 0.9995051432641264 1.4400051245496988E-9 4.263823936014052E-28 3.946134631957856E-5 5.6705154049733945E-12 5.721449363506357E-6 1.2182585138489672E-15 1.3075807342000008E-7 
0.008913029837480619 2.3997587777946942E-32 0.9852313445934269 5.197888700107887E-7 9.629951185297866E-11 0.0058546177629417336 1.1778266667128925E-9 1.3739357298301144E-8 1.1314590884823093E-9 4.718723382624653E-7 
0.001067525290926342 2.0518292171029167E-9 0.9988627874937415 1.492976046981966E-5 4.987749113287419E-9 3.989189290542102E-6 2.1719975650283155E-7 2.975405765522293E-7 2.5877652107755085E-6 4.765872044964223E-5 
8.298818583361736E-10 4.50081799034841E-28 0.9999999597729655 4.508957668225112E-11 2.5114929891460517E-16 3.8441929588095334E-8 2.8644633116414564E-15 1.21025529943603E-12 5.367788858499199E-15 9.08914668204569E-10 
1.773711656689156E-5 1.252110073058006E-38 0.002581956817321233 3.814771716200439E-8 2.8249049414640755E-15 3.721814473014555E-6 4.968132285486185E-16 1.970232215202961E-4 0.9971995142916411 8.590756930684334E-9 
1.2048972989535454E-5 7.48629550042918E-25 0.9999249798816149 4.526118023628076E-12 1.0168906729068917E-12 6.297092624948942E-5 3.951537538204919E-12 1.286029622039238E-15 1.0305567350135928E-13 2.0954740909169477E-10 
6.005658399699098E-4 1.913485091723933E-25 0.9990866327228034 4.6092901066481695E-5 8.090734641214808E-8 1.9543808458051145E-5 2.153676214566149E-15 2.363139276633457E-4 1.073224253532551E-5 3.765015509090248E-8 
0.9299276222237456 2.5886572780467708E-12 0.06549771170080158 0.0015125170222355456 6.196349894374214E-10 9.693290740516417E-8 1.4100323724460201E-7 7.131163213879491E-9 2.1070498131168712E-14 0.0030619033636649167 
6.024516831839764E-8 5.5011724932750325E-24 0.9998980819401737 1.4350763270930217E-5 1.6833806723483506E-9 4.078361230685683E-6 7.751559147358705E-5 6.558386704401204E-8 2.1629415129064004E-11 5.845809805475143E-6 
2.5927657095410016E-5 5.33129317458742E-34 0.9999702683452316 1.4220888715736767E-7 1.6430400232414793E-32 3.105050249914778E-6 8.129542114347489E-12 6.495214668512328E-11 1.112340870199087E-15 5.566654531692343E-7 
1.0996728218222812E-4 5.026832727083976E-41 0.9998900083684399 3.531646289922921E-10 2.6097905868527148E-17 2.3968269294256532E-8 8.606677750547378E-19 2.58886008750589E-11 3.995186387963811E-16 2.055176488546609E-12 
5.564737248738099E-4 2.0752734967065065E-41 0.25262114335539615 7.179295052984314E-6 1.07289876320595E-12 0.7464346772784866 1.9064957249321922E-5 3.468461194327274E-4 3.715119095826043E-13 1.4615268063992661E-5 
0.0020729759480913757 8.388181878792378E-24 0.9844526203560947 2.4095732806718353E-4 1.3172906343222058E-13 0.013159932531450012 8.694444730489381E-12 7.35130132460611E-5 4.3788611814022814E-13 8.137864253430969E-10 
1.4705408723894716E-5 1.5937831878303454E-24 0.9970793252726742 3.867298778389163E-5 4.769035871307664E-6 0.002719088654367759 1.5415093565065065E-8 5.761439618020849E-7 1.276463660930719E-10 1.4284695387727921E-4 
1.607779251895675E-11 4.418389913156989E-31 0.9999771947757143 2.357515117675444E-8 1.3973492858439648E-16 9.908837118373883E-8 8.479253959472282E-13 1.4300756266672812E-16 7.510918050191777E-14 2.2682543761937923E-5 
2.916683188462176E-4 4.388230159821448E-30 0.9991726158029975 1.6882599680817613E-5 1.388390517051232E-10 8.457720646206466E-5 3.987883137796275E-7 2.0806568579424874E-7 4.264601602515908E-4 7.1889189231133E-6 
3.143428109007171E-7 3.1196988275734505E-18 0.20101735014695113 7.556647522784795E-5 9.171280703324412E-7 0.7989056645650926 3.4986200230641083E-9 1.0374381607835616E-7 1.2210276623875752E-14 8.009939906537112E-8 
3.3179764415490136E-8 1.9785595419633697E-39 0.9998540860610575 2.4655401352741266E-8 1.7019045162320475E-6 1.4260392064486635E-4 4.912344060018925E-7 1.001818076071639E-6 5.398805988550234E-10 5.6686253043465224E-8 
6.603407988073861E-7 3.913511571019889E-25 0.9990487449873484 1.2928232932188704E-8 1.4094236738092348E-10 7.431683914067128E-4 1.8630074092132871E-4 1.2961532951497855E-8 1.8055441531713086E-5 3.044067285024977E-6 
5.873094379368229E-4 2.2916444828864025E-13 0.05114910884691211 1.6554983182166128E-5 5.0922239232565705E-9 0.11390716414624712 6.616078546928725E-4 0.006788652567631715 0.06642971993529052 0.7604598771356536 
3.3613146998923875E-5 5.079434379218836E-25 0.9958552918610983 7.400809118832147E-4 1.1749063596365612E-8 0.002941898617086295 3.97103760840174E-6 1.6659045265560163E-8 4.96512308948278E-7 4.2461950490712836E-4 
3.3613146998923875E-5 5.079434379218836E-25 0.9958552918610983 7.400809118832147E-4 1.1749063596365612E-8 0.002941898617086295 3.97103760840174E-6 1.6659045265560163E-8 4.96512308948278E-7 4.2461950490712836E-4 
1.137475019723778E-8 5.229045665055887E-46 0.9999998530474048 9.511827964339577E-11 2.2018409683334706E-19 1.3542981252520346E-7 4.945141079112581E-18 5.218035207773717E-11 7.336950291233372E-13 2.1361974223404985E-16 
7.911023091873732E-8 6.189024696437282E-28 2.763395339223114E-4 1.1902431322354501E-7 0.9996614861147496 6.0964774758053375E-5 1.7414507513316372E-10 3.110861023473295E-10 1.2975653476300815E-10 1.0108270380623323E-6 
2.185085507954115E-5 2.6690156743758022E-24 0.9991656796642491 4.13081400831288E-4 2.8381232055303804E-12 3.854819959403733E-4 1.381598076989845E-5 6.37386682548072E-8 8.026112449569288E-13 2.6360820886481663E-8 
0.022182422256733076 1.1139479373528625E-15 0.9456264026093746 0.021135933656178676 0.0017203929413164487 0.002631966369907069 8.205439839503081E-8 9.108798844049326E-6 6.94086025600641E-7 0.006692997227221111 
1.9737758614203561E-4 4.320464271023032E-9 0.9972869918257853 0.0017608682523054626 6.716342594055657E-4 2.4215786307089967E-5 8.933976632026242E-11 5.37866226708681E-6 4.1619686860341026E-5 1.1909531122982821E-5 
0.026078980684803486 4.82145606428909E-20 0.969625625455805 7.862708759440974E-6 5.720309710974519E-15 0.004099676678572182 1.8698236446859905E-6 8.577985674732052E-7 2.176618120803376E-15 1.85126849839711E-4 
1.2718353901166238E-5 5.944832696811607E-55 0.9999679489891653 1.2256282831297654E-11 2.0109496894519357E-16 1.93326189277575E-5 6.262786748944807E-17 1.5569637515351424E-11 3.792858828700791E-15 1.0175717070270465E-11 
5.255435022402094E-4 1.0258697077069032E-17 0.9992806343153624 8.532887283846103E-7 2.2277728575349998E-6 6.894441475537698E-5 1.0062947275241701E-4 2.050253366258302E-6 1.5351366758051699E-7 1.8963466269782842E-5 
0.18765130948147218 2.408464050295638E-10 0.5403683984568187 0.03641437825744801 1.978147782275311E-6 0.006068654534937983 9.0246069725008E-7 0.08232355781296857 0.09949768381047658 0.047673136796551996 
1.953756125671309E-8 1.5719369093127548E-28 0.9999945517941412 4.1775291220068345E-6 1.7630230655825225E-15 1.504131132571569E-7 5.95286496146518E-18 3.3181869040570406E-11 6.07098555247263E-9 1.0946218931341063E-6 
6.326405943634886E-4 4.3023180300347815E-31 0.9987774928677187 7.891974067390767E-9 8.702605737589932E-18 3.9503391033930875E-4 5.646882195751425E-16 2.6584878471657903E-6 2.25276623206083E-14 1.9216624773420085E-4 
5.5511007473061325E-5 1.1041253264193572E-43 0.9999407652675038 7.733702881726414E-11 4.790547484304888E-24 3.7206154494241878E-6 3.0322316373049635E-9 4.561868136459527E-15 7.323936680969531E-22 5.959895950990497E-16 
6.105972054859299E-5 5.810769780051408E-17 0.999936879048707 1.6741441492552798E-6 4.769547463927087E-24 1.866664025662409E-7 3.1500363972028117E-11 2.347313374564336E-12 1.1319830873734651E-10 2.0027314653763175E-7 
3.7795003497587207E-6 1.2354292039668036E-43 0.98924638359633 6.581350494387071E-11 4.052411400740259E-21 0.010747562910503319 2.1254859919906687E-14 1.7705846487220378E-6 1.1050507631780582E-10 5.032318282919427E-7 
0.001464279535557731 3.464665808938145E-11 0.48913538199163825 0.027564904673620667 9.70485991294398E-10 0.46144191131976314 1.4539335974970739E-5 0.001933826318786869 5.140185393682524E-9 0.01844515067934017 
4.5036520766367837E-8 2.040394069600547E-42 0.9999928978453405 8.795568701082623E-10 2.657924316819908E-18 6.913391138586343E-6 9.533282288355958E-13 1.0788002910665706E-7 3.129829842931165E-10 3.4653477936892756E-8 
6.043070140507402E-7 7.224536445133592E-13 5.926278567099408E-4 1.1893041241029455E-7 2.147543736989725E-10 0.9975594086077518 8.705191788523944E-7 7.617866967191826E-5 1.7660483463670516E-7 0.0017700142889494593 
0.004478075898326655 2.528139844434832E-11 0.6285871981837962 9.601119551097341E-9 3.141854054652582E-20 0.36693454416915405 1.580109932745956E-7 1.3983701484161429E-8 1.8985647766771815E-18 1.2762746566302614E-10 
1.6432709875212984E-7 1.372546973917335E-62 0.032533071572230704 1.1806907073834873E-7 2.4741318544460245E-27 0.9674648872407823 4.76080477052318E-13 4.937501539110278E-7 3.263051930218655E-8 1.232409668338209E-6 
0.9032224910337341 1.7692631538805362E-22 0.09579675666089378 2.527601845163463E-5 3.3763815315265386E-8 9.50279888899943E-4 1.8150487057052084E-10 1.2712790659095185E-6 3.590669109782234E-6 3.005045244625112E-7 
3.247236395581452E-6 1.3911237402535053E-28 0.9997540463763881 2.039355036272821E-6 5.691500221372827E-14 1.0574582766171172E-4 9.417839900468478E-9 6.558567782393617E-5 4.1996731524645344E-8 6.928411206603661E-5 
1.4398896228462203E-4 6.919399467700851E-28 0.9998324259616286 1.5828201421917705E-6 9.655631437344302E-22 2.199750800944626E-5 4.592016299128487E-9 1.558980293714409E-10 3.6077424851656075E-18 2.0779750459989806E-14 
5.016601731643239E-7 2.601947912413424E-62 0.9998741911893603 3.943099504321768E-14 1.3443583017180927E-19 1.2530712904265112E-4 7.433104434686199E-24 2.1148726015658562E-11 1.7818586741813457E-18 2.358914875396049E-13 
2.743385752085362E-7 7.765757990882282E-30 0.9999940787078196 1.8278286726035997E-8 3.603830771097472E-13 5.2605059330575475E-6 7.576883078355063E-15 2.8353361107295076E-11 2.9274212263832947E-9 3.6521324259376357E-7 
1.0045064634902452E-6 5.656939486476331E-38 0.9998658507461283 2.494579373410269E-6 2.7659135643976038E-6 1.2788405899888372E-4 3.990643614059209E-12 1.0546360213832244E-10 7.506599674534074E-11 1.0951298154871055E-11 
