2.5032082159404724E-6 0.013374308338077288 0.030695810528689353 0.010100792792947217 2.4399863291572273E-6 0.8809728190892646 5.307158230470955E-5 1.8618170608822983E-6 0.06479596991214595 4.227449648906677E-7 
0.001476867243956676 2.1665962349250677E-4 2.2984191772124087E-8 8.41492012967511E-5 1.5725738978505036E-5 0.9689419320765909 0.021207017146330456 4.167245533000034E-6 0.008053458739629515 3.324543027705201E-22 
1.967334844031877E-5 1.5426794905360156E-7 5.4670446489649956E-14 5.010282465063357E-7 1.0289655295177222E-8 0.999481178715354 7.5763786561503065E-6 2.218212719897685E-7 4.906841503719083E-4 1.281322579043242E-36 
0.05617204323993034 2.04544895271163E-8 6.859995437283736E-4 5.70806395317559E-8 0.0010339977218912593 0.9369122453575734 0.0040595644633439655 1.5417686358308727E-4 9.818952710589544E-4 3.7615243232357526E-12 
1.0702880037883802E-10 2.5219459269270356E-7 6.363495087007449E-25 3.995059092308206E-13 3.332820665322258E-8 0.99841306919942 3.706723718305081E-5 1.3778390781211727E-9 0.0015495765553302898 3.118675374621404E-56 
0.004701832075517516 9.7530844122561E-9 2.4317053144408716E-16 5.521284891472344E-27 9.20415799368503E-7 0.9621782909688821 0.033118313474546995 1.2068628564743222E-15 6.333121682579183E-7 1.5485658080991726E-66 
0.12197636334986867 1.9085037114095025E-4 9.336842506170261E-5 1.5334711632680771E-9 8.608188779122296E-5 0.8446842960411873 0.025043326863434273 2.7691002198074004E-4 0.007648801506064023 1.397709017045923E-21 
0.9999238307547742 1.9459839195433176E-21 7.731040094016229E-27 1.1755569932806406E-19 3.671988459202859E-14 7.61330128300625E-5 3.621873227899901E-8 4.322769605476305E-14 1.35835323731743E-11 7.698372590443429E-84 
0.9999594117654017 1.2019299074913423E-24 1.0236385841819236E-30 1.5722456615843795E-25 3.488924488956492E-19 4.05850748325067E-5 3.157684325256807E-9 1.0071330270429096E-14 2.0714071208891506E-12 3.274456449741065E-91 
5.833073142191231E-8 3.0853551694050905E-21 1.1736609084602274E-16 2.753209540017525E-26 0.999908413676795 6.299608317202499E-5 2.853073943351719E-5 8.053715354333279E-10 3.644963993227029E-10 4.855756635740613E-56 
1.303989337404813E-4 3.529218639195016E-7 1.372224782487002E-15 1.7345435969024266E-19 1.0251089734743136E-10 0.9996180627752542 2.51071681859076E-4 7.352657306603407E-16 1.1358476932551928E-7 6.076222920844423E-102 
5.833073142191231E-8 3.0853551694050905E-21 1.1736609084602274E-16 2.753209540017525E-26 0.999908413676795 6.299608317202499E-5 2.853073943351719E-5 8.053715354333279E-10 3.644963993227029E-10 4.855756635740613E-56 
6.354885968883711E-13 3.0592073489995994E-13 3.752945347449976E-19 9.82681610216534E-44 0.9943830001741263 1.0039017923335757E-5 0.0019823524498651128 4.857985102382637E-12 0.0036246083522859466 4.16220091880175E-71 
0.001515364276606356 3.7369380699411123E-13 5.888029826393061E-28 3.1158700709666566E-10 6.69950366110402E-12 0.9968858959430378 0.0010352869488826288 3.5939661596999613E-9 5.634489188469013E-4 5.996680916105511E-61 
2.2679241589514104E-6 5.622798500848782E-11 6.117860741217593E-28 2.034983805828973E-6 2.8491323543712384E-10 0.9981151295948509 3.9152080693978915E-4 2.4407950719529134E-8 0.0014890219411525017 1.4650945618349162E-43 
0.04629664812930151 1.2331430473237482E-8 3.398530349026773E-11 6.279570484850393E-12 6.05350002770961E-5 0.9488398243306992 0.004645106607708208 3.299473130832845E-7 1.5754361300547148E-4 7.119437204278777E-29 
5.166373544077507E-5 4.867281975951192E-15 1.587284026809285E-8 9.431696468915196E-18 8.946395023735905E-17 0.9999481852722909 1.0967549210569164E-7 4.6836460967892674E-21 2.5443930817546867E-8 4.887973388444882E-72 
0.0013116033802638473 7.520095921694587E-11 7.746132852449477E-13 3.344076706501813E-13 4.568605879494029E-7 0.9984787051970443 1.8804448023858108E-4 7.730312419642787E-9 2.1182275243044822E-5 2.1556323405301823E-21 
0.01713906036588079 1.1602096955873845E-8 1.0369863410789667E-12 7.365982298655193E-19 2.0788861650778146E-6 0.021533175382087294 0.9607732905243597 2.290783081933458E-4 3.2330493017984857E-4 2.2367315822059994E-25 
0.01713906036588079 1.1602096955873845E-8 1.0369863410789667E-12 7.365982298655193E-19 2.0788861650778146E-6 0.021533175382087294 0.9607732905243597 2.290783081933458E-4 3.2330493017984857E-4 2.2367315822059994E-25 
0.001522080507929389 2.036391242915538E-20 9.747676367391638E-10 2.724233300670181E-25 8.307781293292062E-10 0.9984774628189033 4.4585230701139364E-7 4.043701657977547E-14 9.015274204120176E-9 1.5460813214807924E-65 
3.949200604809364E-5 2.391612243708339E-6 5.824116957309153E-13 3.482858165125017E-11 6.166172832874125E-7 0.9513019125339076 0.002741363520985623 4.011585504016463E-9 0.045914219662535304 6.068450438189399E-57 
1.3686056806804087E-5 3.2500356509855916E-10 9.946514416522137E-9 5.398901956310476E-8 1.4672118867351645E-5 0.9998669133586434 3.5763316002949227E-6 5.00243153562369E-8 1.0103784922920996E-4 5.945095032188546E-40 
1.3686056806804087E-5 3.2500356509855916E-10 9.946514416522137E-9 5.398901956310476E-8 1.4672118867351645E-5 0.9998669133586434 3.5763316002949227E-6 5.00243153562369E-8 1.0103784922920996E-4 5.945095032188546E-40 
7.253042497027378E-7 2.092433170404385E-26 2.139253311562724E-29 1.7431021266893967E-26 4.715340282662875E-9 0.9996383702312099 3.5921855074745303E-4 4.4540896159191254E-10 1.6807530438170707E-6 3.3828220170696694E-78 
8.417243544158313E-6 2.330527817915495E-11 4.480840178285865E-7 6.702792945438418E-23 1.3170609864496117E-4 0.9998465767395357 1.1286589259002465E-7 1.6262696542487276E-7 1.2576318093987522E-5 7.3410084421923365E-37 
3.739331185167284E-8 3.9564630110713937E-14 0.0026272217231895502 1.522058328036015E-17 1.1469400531778127E-5 0.9973609428742289 3.2859198554632784E-7 1.6671438077339006E-18 1.6712803865925574E-11 3.187571941315967E-46 
1.9680626225918765E-5 1.5702781310517047E-24 5.786672665148691E-20 1.5668634055047227E-11 1.7034860495329062E-13 0.9999802776206963 1.3769238291222235E-8 5.047922845281738E-11 2.791752131657374E-8 2.6435520170760026E-79 
0.014187436936364081 8.145979719326371E-16 6.974601541899635E-13 1.3542902166879047E-14 5.4952253371709594E-6 0.04684589068577033 0.9370236986545025 8.70029106399855E-5 0.0018500391503642696 4.3643630986006647E-7 
3.437946204412432E-11 1.2864926972922443E-12 6.668546925724358E-6 4.852221351307947E-6 1.2395402806715152E-7 0.9999881125710359 2.056715260768583E-8 1.5303116374409107E-16 2.221038402436028E-7 3.933033068437134E-40 
2.2236737251511505E-13 2.2756329197324307E-20 7.359546021125694E-29 4.710011419233789E-33 4.897736255864665E-18 0.9999999999579898 4.11533683581613E-11 1.1660519648233165E-24 6.344576586348842E-13 8.718725116962893E-101 
1.4283335089341784E-7 3.0637650208017627E-22 1.0645209293023384E-17 4.462211009997374E-23 3.6782040885074435E-16 0.9999997719528223 8.516612905020867E-8 5.1228990300660654E-20 4.76973363962041E-11 2.1867594521602364E-87 
0.0053317750355993425 7.045498084234427E-8 2.8339634717502468E-6 3.333833157352102E-13 4.379977585488346E-6 0.9881907306494152 0.005948128389353901 4.716531152716349E-4 5.04284139884854E-5 1.4187249844495501E-30 
0.003029290718713165 1.4841595972495042E-20 1.6860283818540485E-18 1.6569005549446176E-9 3.430242169276142E-9 0.9969647113191867 5.920635010928271E-6 3.052007054462392E-11 7.220942648625667E-8 2.451582913492741E-44 
0.09459961833932197 2.0573769984153806E-7 1.9268219236141598E-14 7.157067078154047E-7 5.192810907329927E-7 0.8795440604691239 0.021008181604108677 3.704416284045976E-6 0.004842994445643645 5.321206927414512E-26 
8.811917049620451E-14 2.069154420987902E-9 0.9999999507506099 4.263201436780957E-9 8.61171388812567E-11 3.525316946669423E-8 6.874298645067275E-9 2.4089694785147832E-20 7.03360855583699E-10 2.448552534327362E-44 
4.891227261270364E-6 9.106141538717155E-6 8.786498678781314E-19 1.7444777058429724E-7 0.9929341660823034 0.0050992090119843176 1.1224285868141673E-5 0.001940299216130559 9.295871430147866E-7 4.448258123675617E-36 
1.4127859212162142E-6 8.425213119425631E-15 3.6563713615033815E-24 3.0853032650164165E-16 1.2646451542879002E-12 0.9999254893688748 7.309783509913533E-5 2.9935592577221817E-21 8.831461314768612E-12 4.802273657355907E-66 
2.5580257679325667E-5 6.035349961335215E-22 2.2088157776689478E-12 6.39037596018731E-12 7.131463764052032E-10 0.9999742215593347 6.476723480236856E-8 6.608844557469414E-13 1.3269334467509782E-7 8.504578790153213E-105 
0.00956767969064571 1.6793873795713703E-8 1.2446847809578706E-16 9.833043294739584E-16 0.01236792606527541 0.9725918883902661 0.005458122223800732 9.932986042964001E-6 4.433850094164924E-6 1.533375038826931E-40 
0.1556244955251074 1.302011074325467E-6 1.870126025235059E-7 4.631333210233047E-7 8.756387119639459E-4 0.8409166917703824 8.708800494071018E-4 1.1729155048676635E-7 0.00171022449459083 1.3167345245152152E-27 
8.302148051394254E-6 1.752154195656621E-12 7.263096136025378E-24 1.3257390946891667E-13 1.7271784661967755E-6 0.4016542085123907 0.5983316419296516 1.0218427408191859E-10 4.120127371064348E-6 5.113154559495697E-64 
4.907671152492238E-4 1.381504896834224E-14 3.170224225788373E-17 1.0055047109801881E-16 2.081846162525718E-10 0.9992000006274226 3.0923115982964283E-4 1.0302396390799247E-14 8.892896635324907E-10 1.3123652841282188E-52 
4.612907639638781E-4 2.6119289774680413E-4 4.2215533448147316E-14 7.325370848158128E-6 9.308068574625507E-4 0.9975786255219766 2.158530257198301E-4 2.223624277961283E-5 5.226693194603033E-4 6.240462308484902E-29 
0.01749068938728721 1.6501889392533754E-6 7.549604434851608E-23 6.011386324585028E-20 5.464307100984464E-10 0.9824979437254926 9.70903429964654E-6 5.5873489872636746E-12 7.111963191678969E-9 2.1983580198091586E-44 
0.009992482899310809 3.237119910354213E-7 6.624895122910366E-4 6.454674585582347E-8 0.00177338037641948 0.8531871783561045 0.0033842778460262775 6.32336435699761E-4 0.13036746631539242 1.8774618491630647E-14 
6.107651592329684E-13 5.953371190676864E-11 5.063996892264734E-17 0.785826694489226 1.3616372349404954E-7 0.21253820864381515 7.732470867545477E-7 6.092256717766176E-9 0.001634181303747195 4.011231478051803E-51 
7.252581861419232E-5 8.609513961756779E-19 2.6488952638737843E-17 3.3227625596551006E-12 1.0105735024231426E-12 0.9993762290395282 5.51012599132249E-4 8.507936920411196E-18 2.3253839203514137E-7 4.0104454188046796E-86 
0.006091027806500667 0.001080866933703534 8.819741865084316E-16 1.0076072402034376E-13 0.005587222159414511 0.8382079895002874 2.2824316147706816E-5 0.1471381403212827 0.0018719289625619229 1.3649132331708448E-46 
0.14678556118491123 5.506165786371912E-13 5.88029121226539E-10 9.05578861586069E-11 4.278667437380245E-4 0.8511912208267127 2.8123039227791164E-4 9.269630112491535E-4 3.871571619733743E-4 8.965152496937183E-19 
0.0033871001687307252 0.04741277577696139 1.6250086220112691E-13 2.3060348295608933E-23 1.1540470182169873E-8 0.9358160728027376 0.013282198587670902 4.644133735558389E-8 1.0179468192917438E-4 1.3397466716858693E-37 
4.0081381815364715E-7 3.0438409907604637E-11 1.809912498380239E-8 3.569861493674872E-9 0.002652267464750198 0.9973466462979611 6.627363403863298E-7 1.2352121597120869E-12 9.864700615901584E-10 3.9015496170990524E-64 
5.646312595156663E-6 6.364799357388586E-23 1.3503026012432736E-27 5.2998386691564315E-24 4.954268793450364E-9 0.9997535923550804 2.4075634790776565E-4 5.675572451167634E-22 3.014799119527622E-11 2.2567643813147622E-83 
2.2038438254239448E-7 4.111151441911266E-13 2.2166183712691064E-19 6.901924461239138E-18 9.781261900508273E-11 0.9999988646625187 9.146066896977391E-7 8.432824391181299E-18 2.481853423317169E-10 8.526048140925343E-57 
1.2321171244856289E-8 3.552466299005913E-11 0.9996722906201325 2.8556455706836837E-11 3.40097159052398E-7 3.2727870017312707E-4 7.797724540456512E-8 4.446328157468473E-17 2.2003761818803656E-10 7.036036012055716E-33 
4.9878862994359514E-6 9.888255184720762E-8 7.299219338873421E-21 7.103183604534852E-12 3.588330603165673E-8 0.9970598191327795 3.024656221250028E-6 2.287558163566752E-6 0.0029297459935753037 4.131931847490067E-53 
1.5847908261142026E-8 5.986458128837201E-19 4.112377514987579E-14 5.860974161302239E-12 5.434884672946046E-9 0.9999843667593276 1.015459855425097E-5 3.203177418194925E-13 5.457353102954549E-6 1.1203045940447012E-75 
0.005547531957660648 2.815785538565292E-13 1.3539161781881E-15 7.185366450330139E-24 5.379504049895852E-10 0.9928595984672416 0.0015906247134027753 6.475991500447793E-10 2.243675862473568E-6 1.0140994838913655E-53 
0.9921795980238561 7.537884418435719E-12 3.5631976172196293E-13 4.869888033160685E-19 9.395649386557443E-4 0.006739968844052726 1.3885803345133565E-4 6.78418290071417E-10 2.009473671747369E-6 2.676669879697975E-28 
2.256534768547362E-4 3.831090959294096E-9 1.0608584418972328E-23 2.263609288453042E-15 2.0767663951450278E-8 0.9995135008425756 6.799490425907349E-5 2.1817425665945006E-14 1.9282617753164734E-4 7.499847931372908E-35 
1.1973940426834013E-8 1.9032212507963227E-14 0.9994344200924322 4.550250382927251E-13 5.353200456122037E-12 5.469695431645755E-4 1.859833281528132E-5 3.033645923067684E-28 5.1820226463835024E-11 6.318368524998623E-41 
0.004830078151692202 3.9461160971733923E-11 2.2718430213026497E-5 6.577474041519722E-6 2.9191591937305475E-4 0.9941307043598796 5.3508528872578933E-5 7.917938434895051E-7 6.63705302623328E-4 1.1800686788959492E-35 
1.0005252433774028E-15 0.9999999999987584 9.943960359944985E-32 1.671760900074015E-48 4.410781216608338E-33 1.1940783870483299E-12 4.65164573142269E-14 4.147826829396285E-24 1.428362230986162E-18 1.326921074554621E-85 
1.0005252433774028E-15 0.9999999999987584 9.943960359944985E-32 1.671760900074015E-48 4.410781216608338E-33 1.1940783870483299E-12 4.65164573142269E-14 4.147826829396285E-24 1.428362230986162E-18 1.326921074554621E-85 
1.0005252433774028E-15 0.9999999999987584 9.943960359944985E-32 1.671760900074015E-48 4.410781216608338E-33 1.1940783870483299E-12 4.65164573142269E-14 4.147826829396285E-24 1.428362230986162E-18 1.326921074554621E-85 
4.066973056111022E-8 3.0729551235181164E-17 2.3122473271471093E-25 5.7892904483418654E-15 1.3679043639910743E-11 0.9652113494531489 0.0340018458400369 3.922600356900036E-18 7.86764023398579E-4 7.267393543735113E-76 
0.004428316015963687 1.1631643242222743E-6 1.2402450985370736E-9 6.56942820402575E-17 5.132435869377059E-8 0.9954996560260603 1.605317706658011E-5 8.654204988545787E-8 5.467250993155407E-5 2.9482781737580766E-28 
0.23673988752894423 1.828944511054771E-4 1.750534745108783E-4 1.1165857627180157E-6 6.016520292158783E-5 0.622814394604473 0.1242761341931245 1.104777618784778E-5 0.01573930618296979 8.35870269484563E-25 
9.38824279959686E-10 6.363298909891671E-22 3.0659232841254374E-45 3.618426323347111E-44 1.8162949883093956E-19 0.9977949720025072 0.0022050270550049425 1.4277756267632087E-13 3.5207474715512656E-12 2.120597956104785E-136 
4.458184209424384E-8 1.539291344239903E-7 1.9818130856534402E-12 2.9116635520145636E-10 1.205662894665644E-10 0.9999992853029858 2.6155537386451175E-7 2.3700490228097488E-17 2.542169494427765E-7 1.0329576687846448E-40 
1.9827988866958897E-5 2.39273506989496E-7 2.917151961735952E-15 0.9643992493286899 7.294458588371909E-6 0.0348943640063436 3.376296242969909E-4 3.265800091382862E-8 3.4136266170326906E-4 2.016106326381804E-24 
1.1569750855312966E-7 4.560891222437002E-17 3.835101609902334E-19 1.4904335167437332E-19 5.7142216849639976E-12 0.9999998081046455 7.615321095112168E-8 2.0024025388621717E-14 3.8900640750272594E-11 1.6911456780942335E-134 
0.11494248979349499 1.691195394818392E-8 0.009765969016097215 4.6410408762562535E-6 0.09545321716515222 0.7737017141432209 0.0031162652489180177 0.0011363160710652215 0.001879370609221371 1.0606553724506968E-17 
0.38730135901491247 2.1111847999921162E-7 2.8612393246102504E-9 2.527298775099622E-15 0.0635930354713664 0.5485884983999508 4.981868081770807E-4 6.681611577267339E-10 1.8705657710335093E-5 5.725222006958781E-53 
0.11494248979349499 1.691195394818392E-8 0.009765969016097215 4.6410408762562535E-6 0.09545321716515222 0.7737017141432209 0.0031162652489180177 0.0011363160710652215 0.001879370609221371 1.0606553724506968E-17 
2.595614379459909E-4 5.106778767715844E-6 8.930508199469456E-10 1.5788480736122573E-9 0.9491425835718745 0.05037160811810739 4.5500527094709644E-5 4.007993642712787E-5 1.3555715788359727E-4 3.543008565858349E-29 
0.06624958455888566 1.760877940012683E-7 3.3166936458928162E-9 3.945473663404428E-10 0.00579469890941813 0.9272513947152242 4.020717822590025E-4 3.018420888244066E-5 2.7188602629549594E-4 6.263677461838674E-28 
0.0014444925163629861 2.462310397784574E-8 4.7802807697385165E-5 4.008965898535249E-4 0.002374415356806735 0.9952550349390541 4.4626817522486147E-4 1.7482798520172826E-8 3.1047509098175864E-5 4.946194531815363E-24 
3.762989925852321E-5 1.2325555599414124E-11 8.93617645473471E-19 3.326723644258913E-32 1.3891709509749576E-15 0.28341570449778014 0.7164974427449363 3.16866422614611E-11 4.922281401149452E-5 4.053014522136632E-37 
0.01317016786169744 5.06148113268955E-20 3.312466331221813E-19 1.1237584412145297E-23 1.3630971329304513E-7 0.9868293604978206 1.7984355600065657E-7 1.5792735510616987E-8 1.3969447720968564E-7 7.57775241919348E-71 
0.0033923754062276847 2.0820800758252408E-4 3.7480928418665086E-4 0.019288078157043947 0.08998296094613661 0.7667885782527082 0.002941375223843162 0.026908626313975583 0.09011498840828654 9.170638393639335E-15 
6.633549899178401E-4 4.043103150197137E-10 1.3947065935035107E-15 6.2967109236563354E-12 4.06682344498739E-8 0.8365391546301743 0.16264198176127312 1.2941615015455923E-7 1.5533812364171742E-4 1.2976408745547633E-20 
0.003395703713675216 7.739424619830841E-16 8.67189360457535E-13 2.5644516827981803E-20 2.931804916359934E-7 0.982770362185503 2.516132258609943E-5 1.76396609459065E-8 0.013808461957215216 9.82458799723766E-32 
0.1505951023150155 1.9083018568562298E-11 8.679525685109141E-16 1.1156425095036664E-14 1.464288425401041E-5 0.8472886575437197 0.0017084906343711648 4.2372547613285065E-11 3.9310656117196485E-4 1.3746443356876437E-58 
0.004120039419695286 6.342194688326527E-12 8.296656367859109E-16 7.388122060676087E-8 3.681315917833273E-9 0.28572302306615266 0.7084700879779919 9.912195044511985E-4 6.955524628295159E-4 3.8471474108487756E-52 
1.6174401646016313E-5 1.0442558442386537E-18 1.5362191246923601E-10 5.337573145028006E-21 1.942912943816665E-9 0.9999118909425018 1.2402148889932643E-5 3.6683689160145057E-13 5.953041006044019E-5 5.070938337186859E-51 
0.0045300305986880575 2.4591106016128487E-9 4.93344675735239E-7 0.005762642269244495 0.015690382065640433 0.973125177811669 8.845010706801745E-4 3.5081898776569724E-7 6.419561281456361E-6 2.2299668570428836E-14 
2.868398767002506E-4 8.152196028301053E-7 7.281553737711243E-14 2.386482247771496E-22 0.9959066442742361 0.003793643318240998 1.2057143276390433E-5 5.476609147493528E-13 1.6732293770023866E-10 1.8126654691710735E-50 
1.3575265087479673E-12 1.0314027484223577E-17 3.934805067395109E-51 6.748483526686539E-38 3.8088931103347845E-20 0.9999979300731641 2.069777731993863E-6 9.198539479819402E-14 1.4765445825576595E-10 2.404966118374422E-104 
0.9996848017202284 2.626885800696484E-14 9.964069964527329E-10 9.857057301840227E-30 1.4736292653044255E-13 2.8584024440303507E-4 2.935703190874959E-5 1.0998001363208712E-23 6.8792375681193605E-12 9.888384453363932E-56 
0.9996848017202284 2.626885800696484E-14 9.964069964527329E-10 9.857057301840227E-30 1.4736292653044255E-13 2.8584024440303507E-4 2.935703190874959E-5 1.0998001363208712E-23 6.8792375681193605E-12 9.888384453363932E-56 
0.6729538658976423 7.740753481036424E-7 1.2173080387928627E-8 1.578402273774975E-10 5.061094107262876E-4 0.3081394150723822 0.00613834119424012 3.563138397130645E-4 0.01190516817902751 3.7390219051353375E-22 
1.7733089292285186E-11 1.9645839263816075E-20 1.0042108650210094E-46 0.9997153883072699 6.733860932209056E-26 2.837524653474424E-4 8.592086996043698E-7 6.102981323610625E-22 9.50032138490985E-13 3.0482349025163434E-106 
7.660959713521305E-9 1.3609863251542969E-14 1.7477104560638538E-25 2.0101934081421234E-14 1.2800386811225224E-21 0.9999932108451591 2.2504992091617387E-6 2.2298980497399076E-13 4.530994415361488E-6 1.5736185886027682E-52 
7.660959713521305E-9 1.3609863251542969E-14 1.7477104560638538E-25 2.0101934081421234E-14 1.2800386811225224E-21 0.9999932108451591 2.2504992091617387E-6 2.2298980497399076E-13 4.530994415361488E-6 1.5736185886027682E-52 
1.185925124329294E-10 7.308755563370197E-14 1.2688763321131769E-25 7.217075783691514E-26 1.855386559911958E-14 0.9999946937348092 7.011088100553259E-10 3.020823440047053E-14 5.305445367639582E-6 2.6466291518751686E-44 
0.007080640715538945 4.380683127155649E-17 5.082177506532775E-26 7.289264288226102E-15 4.260721890556298E-12 0.9927963933867858 1.1803415956304195E-4 5.078280135583703E-17 4.931733844161353E-6 8.19938456181876E-82 
1.0504181186831426E-4 2.2113335197826623E-4 3.1851869626534244E-7 0.7548075642052856 3.454505592344394E-4 0.22907798052971748 1.2015921828225157E-4 8.779592484206856E-6 0.01531357221244116 1.1815174439892884E-14 
1.0504181186831426E-4 2.2113335197826623E-4 3.1851869626534244E-7 0.7548075642052856 3.454505592344394E-4 0.22907798052971748 1.2015921828225157E-4 8.779592484206856E-6 0.01531357221244116 1.1815174439892884E-14 
0.010998639001732806 2.717035239234231E-15 3.2061082886974137E-9 2.8401065852459017E-11 3.69963260620165E-4 0.9885705325374546 5.627101609445198E-5 4.886051107824973E-11 4.590900725444192E-6 4.823242920174541E-47 
2.898667997981496E-5 1.829246505207694E-11 7.415733014308594E-18 4.390885061836244E-10 3.1539517491371897E-15 0.9974257397051802 7.614335999277245E-4 1.9674096925436217E-12 0.0017838395555607098 1.6548577520265796E-59 
5.9058419012433694E-5 2.1802996714331045E-17 1.8806075342867987E-9 1.0577306123709901E-22 4.834931119475922E-4 0.9994272586360383 2.1862613084903583E-5 4.969382525596902E-15 8.325339304150309E-6 3.348373166718264E-42 
2.3342314297008208E-4 2.797085870568772E-7 3.771615044335108E-9 3.269517657037554E-8 0.06639911045122598 0.933356428800996 4.841760226636841E-7 1.0734312846523923E-6 9.163822121911205E-6 3.0091408115351617E-32 
0.003030401177331159 4.6249380966786575E-15 1.1213765074017068E-11 1.6456787011138864E-20 7.57714247932872E-7 0.9749170816481146 0.021396638927965388 2.0049894363883318E-7 6.549200221789752E-4 1.1128623910493616E-65 
0.027936429207235866 1.8548705846576784E-16 4.713602641226494E-15 1.1639540646813606E-17 2.150454757710303E-4 0.9718045196230356 4.3920199609980833E-5 1.0607968427042307E-9 8.443354575156912E-8 1.2043670688286178E-62 
3.753370914943709E-4 6.91812430898491E-25 4.962186110563371E-19 2.0516546773754113E-36 9.518432042962555E-16 0.9993156525238739 3.090045711495964E-4 3.155551141339634E-13 5.813165621183004E-9 1.4700836269907665E-43 
2.0684620648573116E-4 9.444172192615303E-14 2.0549808125673568E-14 1.0011141071588843E-32 1.565776705812339E-11 0.999599805449788 1.7827080087527908E-4 3.019224035055931E-14 1.5077527048056963E-5 1.5074751503394916E-35 
1.4124720678405713E-5 6.520864906012004E-16 1.1792241658957533E-29 6.685610844340852E-24 1.3476430461787028E-18 0.9999856972459886 1.7287608769810655E-7 2.1829180938634205E-10 4.938952657843147E-9 2.852027198325879E-97 
1.1037994348736675E-4 1.6247039230579522E-9 3.9756103584953044E-13 2.6214187918009288E-8 3.6258006408771486E-6 0.9989236168600732 9.600766331887164E-4 7.598350639021599E-10 2.272163485367507E-6 1.6722091973611765E-39 
0.007659655792370165 4.549167689626957E-10 4.820612011110961E-10 3.516362152238653E-15 1.950091679377832E-4 0.9904780068458467 0.0016542459752290244 8.004076849525556E-7 1.2280873949849207E-5 6.186705964545836E-40 
0.0476970008706946 6.110919493984175E-7 1.696530095988075E-13 1.0539723156497562E-10 4.065680192756777E-9 0.8013494823630474 0.13969495997472978 1.234389022433981E-5 0.011245597638107455 5.62847167475274E-35 
0.03771344860338816 4.1357499090988555E-9 2.2616090382001543E-4 2.563217679721292E-7 0.0034638427073950886 0.9548030015783378 0.002842030307430128 1.0914007279014932E-6 9.501640413830261E-4 1.812387665411444E-18 
0.008158472644777828 7.804291849550895E-11 9.18867623488875E-11 9.707858136414285E-12 7.119554387461756E-4 0.9909831380177188 1.4356378078866452E-4 7.126586224883415E-8 2.7986724686663977E-6 1.8538192591198165E-34 
1.6761622550346287E-5 1.1911960228124488E-19 4.469293814169964E-25 5.288053963935474E-32 9.44357406821054E-15 0.9999832166506084 5.219531207009631E-9 3.650450800161188E-15 1.6507296962471298E-8 7.845509153454033E-86 
3.715369976411144E-7 1.0050356243347498E-16 4.154738133479037E-23 5.141682053298294E-18 4.448408703641288E-11 0.9999994377467724 1.5767139792889545E-7 1.1049440588303193E-16 3.3000347847776456E-8 1.638382835162988E-72 
8.523928923873329E-4 6.940905436781063E-10 5.634653237465193E-11 5.797378542500886E-12 1.7768096556970518E-4 0.8030066053065815 0.17931749348853823 0.0015749026583913792 0.015070923932297479 2.8943443675483493E-37 
5.98563966044E-5 1.0101351443568793E-11 3.4950565966011184E-26 2.8298543674783673E-13 8.2769331160558E-4 0.7360586126994286 0.02982552961875443 1.3247618548859545E-9 0.23322830663846073 2.677843222157274E-41 
2.6439738453241195E-5 1.2405784644972832E-15 5.259753697344637E-9 1.9916963546167868E-13 6.345327895691126E-7 0.9989802967297672 8.493783939694032E-7 1.8637701493159922E-12 9.917743587781298E-4 6.263704571711532E-56 
0.08155525054765807 3.0728447637920884E-6 9.014427162250113E-5 2.1016375515131804E-8 2.594486396625008E-4 0.8700175302344537 0.021526949625953754 1.0177437135780783E-4 0.026445808448152322 3.820562048931302E-27 
0.002480607286670111 3.6213435854529835E-8 9.2669911604245E-13 8.736692525076837E-6 2.3050682561793705E-9 0.9178612892884223 0.07964930303673723 8.344592230823324E-15 2.5176206152938465E-8 1.0294930214652318E-32 
0.02779478472593928 3.4084974126981865E-10 2.3420028503737556E-7 0.003943859336130283 4.998554588748629E-4 0.7450888062109239 0.1773880618263792 1.0386639301675839E-4 0.045180531507601 7.361227049408134E-26 
3.536568911529599E-5 1.177793035446219E-11 2.313808050373198E-19 2.4603805503062205E-9 6.022703401273003E-11 0.9981454540830138 0.0017257410377170903 2.615001705808619E-7 9.317515759770415E-5 1.6700178648380635E-32 
1.593891591692821E-7 1.553832041254345E-12 0.9982223014823436 5.718628719690092E-13 1.165825494720447E-9 0.001776965784691363 5.680570935251047E-7 2.4048296065194205E-12 4.116356173559772E-9 7.017990685555326E-38 
1.593891591692821E-7 1.553832041254345E-12 0.9982223014823436 5.718628719690092E-13 1.165825494720447E-9 0.001776965784691363 5.680570935251047E-7 2.4048296065194205E-12 4.116356173559772E-9 7.017990685555326E-38 
2.2354600052245199E-4 2.929107590410001E-14 1.8817593283883225E-14 6.333785787455445E-18 1.7313492905987526E-5 0.9996437850289648 3.741109946291747E-7 8.772632771162752E-9 1.1497259393114447E-4 2.0624421567128973E-34 
0.01433820214901957 2.46498063155953E-6 1.961959095161056E-11 0.08211594207145814 0.01746349718446699 0.4915982112607978 0.1246954267471415 0.031631108521257036 0.238155147065608 2.918989236534417E-17 
0.021385657725618883 7.698885713482224E-17 7.96201372001097E-13 7.942621470156131E-23 1.923375499006474E-9 0.9784193603356478 1.7192978966801536E-4 9.823022393257786E-14 2.3050060400925507E-5 1.6439437087729922E-10 
0.9415487162785979 1.5110373963778796E-10 9.735126489413591E-26 4.569709918938836E-29 3.610583961234226E-7 0.03596878377509658 0.02248209357305941 1.1263037999023152E-9 4.4037442573129254E-8 1.1037203794200924E-63 
8.181418945371573E-9 4.4029873589633007E-13 1.3398344039932962E-11 3.5183299316113153E-12 6.605885420227518E-12 0.9998562603829477 2.656464189378044E-7 1.5911047180111585E-8 1.4344985420440684E-4 2.5097405579564087E-24 
8.181418945371573E-9 4.4029873589633007E-13 1.3398344039932962E-11 3.5183299316113153E-12 6.605885420227518E-12 0.9998562603829477 2.656464189378044E-7 1.5911047180111585E-8 1.4344985420440684E-4 2.5097405579564087E-24 
1.302287981417356E-12 2.448421343916322E-23 6.952019985532575E-45 3.202870649249912E-29 8.860281673916332E-20 0.9999995999967818 3.997114029408693E-7 1.8047139018851452E-25 2.9051299655073164E-10 6.218873313648749E-100 
0.0323432165222021 1.1752634924192612E-18 7.226628662699505E-15 1.541391662762859E-17 2.7762786588348782E-12 0.9676513364254963 5.4459057334160755E-6 1.2495038417757274E-13 1.1436597099470566E-9 1.4264459126415128E-59 
2.378105219519107E-5 1.3028034347796503E-14 2.5081948211897375E-14 5.476358116801122E-29 4.8602325242535665E-12 0.9996097875992241 3.664311062552783E-4 1.6083900085864759E-18 2.3742714745439917E-10 7.490996547338915E-49 
0.9366579545482434 1.9319130089762408E-8 5.405850888270134E-7 1.5922613329453452E-15 0.0021077747670909894 0.028754859952912173 0.0304729190985439 1.4797652405532928E-5 0.0019911340765834977 1.8079198488961992E-22 
5.434556891578512E-4 1.634059173199577E-20 3.6670113836054534E-19 7.417921870077925E-19 5.670074756576646E-10 0.999456478356402 5.107225447835004E-8 1.1149923029849356E-16 1.4315178333309331E-8 1.8577497896067357E-82 
0.25131832609721994 2.070250402857322E-13 6.536196948675307E-11 4.1009188099413717E-10 1.3103246472469562E-6 0.7468212336263296 0.001748930820691372 4.6774567747495523E-7 1.097309097735827E-4 8.923621877515933E-41 
2.52541355262716E-7 2.7625753534324234E-30 7.093926541281623E-27 6.481239224865618E-35 3.9425584741501146E-15 0.9946005711870772 0.005399176271489976 3.9910036450548716E-20 7.360767840641084E-14 3.100395756832971E-101 
6.543744581109806E-4 5.699038679219341E-12 4.1192808104734986E-11 6.192148460766642E-14 1.3715864868723442E-7 0.999323369010378 7.663151251173424E-7 5.292348382874939E-13 2.1353010254207545E-5 8.257323218631774E-48 
2.150392213258856E-4 7.873447522342324E-11 3.864006946633979E-11 1.480259311956872E-12 2.868154141480624E-4 0.998704411436738 6.932928867962287E-4 2.5681038915656933E-6 9.787281824534946E-5 2.235719297263927E-23 
5.272921072766372E-7 2.2748452348581566E-10 3.701548974644429E-18 1.590029666286322E-22 1.7965144135767217E-11 0.9999149910313513 8.42886649740805E-5 1.3237374193451607E-10 1.9263374402389567E-7 3.692771065446325E-29 
1.0413087443014778E-4 2.0128538024757896E-8 1.2330210384009992E-17 1.2559364917767393E-17 3.210812549471031E-11 0.999847778102494 4.802282689679729E-5 5.194411011932628E-15 4.8035527609261567E-8 2.2785450406872647E-57 
1.2903899914281237E-4 2.434145160800348E-10 3.013299009973816E-11 2.412512852153448E-11 3.295437905134946E-5 0.999822981859816 1.30835574884619E-5 2.586826125625797E-12 1.9409042418536965E-6 1.1073279366964929E-48 
9.510128740442173E-6 5.019827342943129E-20 5.308773417084394E-13 7.143346816282537E-24 1.1296319627981769E-9 0.9999887688456581 2.467524742242119E-8 8.17966877559511E-13 1.6952193731313275E-6 2.963193569634362E-44 
3.536568911529599E-5 1.177793035446219E-11 2.313808050373198E-19 2.4603805503062205E-9 6.022703401273003E-11 0.9981454540830138 0.0017257410377170903 2.615001705808619E-7 9.317515759770415E-5 1.6700178648380635E-32 
9.076759579753941E-4 7.413569977615091E-26 8.51257748599549E-15 7.192411282436521E-14 1.3154057293672014E-7 0.9990813797482296 1.081145269812922E-5 3.0647429273566356E-16 1.3004432001106541E-9 4.709332769005725E-74 
1.610846493752681E-5 4.0304511259487123E-16 1.2123944722286191E-11 1.1758877290725176E-11 6.851375811779027E-9 0.9776807521527074 1.1101978177749578E-4 1.7505240601284008E-10 0.022192112550266062 2.291416702411929E-45 
4.4106985484390567E-7 8.181349558225442E-12 2.2072450066753983E-17 4.4033375574577683E-32 4.024141495085253E-9 0.999949723551768 8.07863805661038E-6 9.438277994059114E-13 4.175270705402246E-5 8.637386031068824E-48 
5.750255729079835E-6 2.4600670502990856E-11 1.7440384126625406E-12 1.3621683566016854E-28 3.4576550757046745E-10 0.9999940596155372 1.6123274474707154E-7 2.4883152990039504E-13 2.852362987847117E-8 1.4237751003353676E-54 
2.790710635130546E-10 4.200559658274261E-18 3.7017359840238177E-34 3.692641303256928E-26 9.799202726129572E-24 0.9999999905767424 9.073651506869153E-9 1.0987875406278077E-11 5.95470675802065E-11 3.9965583715456523E-78 
1.6961777140886253E-7 5.203986200092386E-19 2.9985051396777083E-13 3.2382531763691546E-24 5.855910285302294E-14 0.9999998284357434 1.6367044256947522E-9 5.695874551294396E-20 3.0942229950180283E-10 6.802704769725774E-85 
8.733585071344349E-5 3.0934606509334323E-13 5.232072043462056E-21 2.5328830447310896E-8 1.967193312228411E-5 0.9991168502783948 7.759745319089398E-4 1.297815856344069E-7 1.2295135043171309E-8 4.921192677405456E-68 
0.0038933509735963137 1.3450966572174753E-12 1.1550915463634631E-7 4.917061983873113E-18 4.645643168557135E-8 0.9248058507001301 0.0030363066809104763 2.894527476812416E-12 0.06826432967553686 8.049448461655588E-27 
0.015268709352936786 4.0587580977300234E-7 3.6272648083892514E-14 1.7321427462189785E-15 3.5603308715274427E-10 0.9847133459767023 1.7520819351435337E-5 7.629191793341276E-12 1.7611499352819754E-8 4.173822370813961E-43 
0.0015827550690088684 2.9534219788156826E-24 2.7480944852760352E-17 3.988864200872684E-38 1.5637930635688515E-9 0.998403084437373 1.4158907666748132E-5 9.402465537076396E-21 2.215833194711167E-11 8.853048188701877E-70 
8.625791387248566E-4 8.055651314844879E-11 9.639225746404771E-7 5.5393232933178635E-12 6.65067484291805E-8 0.998991381559418 3.236993251492318E-5 1.2515583056653328E-8 1.1262633834003882E-4 6.998064834904197E-50 
0.03280950140265739 2.8209447215011515E-11 1.4191843941926878E-12 1.7664202782298313E-26 7.845807516787697E-5 0.9149507501660302 0.05215629168608269 5.404296130490102E-7 4.458210820084216E-6 6.968579981155901E-41 
0.01950597219294022 1.6846124662527818E-15 1.1932017299957492E-16 1.960673862285387E-18 2.2096476477833114E-5 0.9804637202712917 9.348263535779932E-7 4.2526369336021244E-16 7.276232934382556E-6 2.870325462757542E-58 
0.9368703995928094 1.3836554364305394E-14 2.1511006587705592E-7 3.784239192711918E-22 6.03410818932523E-10 0.05998074191383497 0.003147391451331385 2.110087785795975E-10 1.251117524841703E-6 7.198779314727909E-68 
0.35186685718385297 5.832278158591688E-9 0.004385765168103898 1.3460586288389736E-6 0.048151762716580844 0.4124404279295131 0.10074220217778558 1.626297321049134E-5 0.08235242121779685 4.2948742249288463E-5 
1.9283803454418097E-5 2.021858317494049E-9 1.647829807322936E-11 5.201462488890634E-14 1.6036847502788824E-7 0.9998241272644287 8.921855313905762E-6 8.006061333073811E-12 1.4750466193337719E-4 2.905912307616459E-52 
1.9283803454418097E-5 2.021858317494049E-9 1.647829807322936E-11 5.201462488890634E-14 1.6036847502788824E-7 0.9998241272644287 8.921855313905762E-6 8.006061333073811E-12 1.4750466193337719E-4 2.905912307616459E-52 
0.009727453653658534 6.519331569137735E-21 3.9220712840131796E-19 9.803220037910996E-16 6.211815732202308E-11 0.9902722900904417 2.561475271982628E-7 2.626702102783792E-19 4.6253373844838034E-11 2.193635645006501E-68 
0.009070610748120968 1.3699564650211768E-9 6.63908748034448E-14 3.178193825645698E-19 2.9718478555340008E-8 0.9830225346501302 0.00774462624675498 1.2232370188810963E-7 1.620749427904828E-4 1.7254091201323447E-53 
7.045539234300914E-5 9.063729283971317E-15 1.9941997538725228E-12 1.5399157338496878E-19 9.605664544542301E-10 0.9999189034676275 3.247445247044433E-6 1.2519812670231517E-13 7.39273208763637E-6 9.83396424950307E-35 
1.4478815071710597E-4 1.166675114318247E-10 2.3131600903878724E-12 3.557596600041117E-16 1.7043183573324165E-6 0.9773022872313585 0.02202836961332948 8.966903727068625E-5 4.331815299859695E-4 2.8622608222186577E-37 
2.988219973250774E-6 6.713921890902365E-8 2.508926984310347E-7 4.293929565012051E-12 9.345413274061971E-11 0.9998963633606159 1.5690305903248176E-6 2.495271682031785E-10 9.876100224555804E-5 7.382349749393365E-12 
7.663575965653815E-5 6.463276533647286E-12 1.5426642065245305E-20 6.047443134792741E-11 8.276567554072193E-7 0.9998846419425415 3.0273119073150174E-5 7.5710013457623256E-6 5.045368997525341E-8 7.192624343155123E-41 
2.2558108161800392E-4 3.714497529754672E-22 1.2005817600271858E-19 1.0319868951046777E-17 2.0984004978067376E-23 0.9996870552245886 8.736350267353697E-5 4.458123906426549E-16 1.9111957260781652E-10 4.106317644472691E-69 
2.0613609614625596E-4 1.3533207267585568E-6 6.396715044011092E-8 2.703804598773678E-19 3.597139902885835E-4 0.9994250882388283 7.584195754758556E-6 1.4245129831747134E-8 4.5945974986606743E-8 2.8000734560312976E-24 
0.0021717524053004437 6.025616939836664E-4 1.4492109389538136E-4 0.39398284618677254 0.0013939511695968763 0.44041673406961335 0.0020005488393549193 3.816644846545972E-4 0.15890502000462103 5.220721269217979E-11 
5.3576949082090176E-9 4.731436514481159E-15 7.567692354804066E-16 6.5674035603850096E-21 6.021105999591808E-12 0.9999999841035997 1.0529942646637191E-8 2.7760367752851223E-20 2.7361716564093247E-12 7.571040906322239E-69 
5.922112879526539E-8 7.686712360108219E-20 5.056896457635668E-13 1.8466654255343043E-23 5.880262011797128E-12 0.9999938325659806 6.092680054700017E-6 1.2377656319915202E-9 1.4288684312970596E-8 1.3306381351123468E-61 
0.6209579658276383 1.2502761296123313E-20 5.528231964610666E-37 5.3171249130104104E-17 1.6816912417503293E-7 0.3788732371358686 1.6853577579006512E-4 4.360305219292222E-17 9.309157856417556E-8 2.556585304603034E-88 
4.3818385995326184E-8 1.6675695349280916E-13 6.196821354942919E-11 2.195599411029855E-23 2.9107927719410577E-6 0.9999968863949741 1.34987135198384E-7 7.041558471922404E-16 2.394459721981717E-8 4.5544393721045696E-35 
9.379056666479634E-5 1.5919256717301725E-18 5.827724587468618E-20 3.316744035779591E-32 6.784253958472534E-11 0.9991196283350343 7.865706891063878E-4 2.1702525167660116E-17 1.0341351936910997E-8 1.971440941750729E-80 
4.887989908788712E-4 3.7077818239770416E-14 2.5976742119422972E-18 7.460333544996131E-15 1.6527038262448338E-5 0.9017958797199663 0.09512430004082298 2.874694413387523E-4 0.0022870247686860748 8.737631481011827E-43 
1.1675511615857026E-5 8.376756552470038E-25 5.7837534434337295E-21 2.229981155618345E-18 1.33835888667259E-10 0.9999824573401245 5.866433684496962E-6 2.474523016009969E-19 5.80739280464411E-10 7.2663371071352945E-65 
1.4358889026820236E-4 1.0923237766110748E-14 1.8870824608911632E-17 1.965987769455279E-16 1.2874985278616167E-12 0.9985029008489087 0.001352791224991063 3.988629967202492E-12 7.190305448701556E-7 9.859244545754832E-80 
2.9531871923520014E-5 1.1877380683489086E-9 1.3102407900003993E-16 4.776993944810126E-28 0.005426659566602574 0.9832768979159063 0.011136089425221778 1.651855325485977E-5 1.143014793525193E-4 2.885297879699531E-59 
1.352038156455982E-8 1.4832218345510192E-31 3.636617875157943E-14 1.973550815020108E-32 4.838376269319377E-13 0.1559203977448096 0.8440795709562497 4.489325944775904E-19 1.7778038934753603E-8 1.2498245695414039E-79 
8.36595820555912E-5 3.941995305743055E-10 7.103294832312486E-14 2.1116699698544624E-17 1.2490747652830923E-5 0.9961396015712002 0.0036472825829068586 4.977771989383523E-7 1.1646734471509537E-4 7.834853537799416E-63 
5.710305775978192E-5 5.280618284871042E-13 4.0923398964159276E-13 1.6430611707184904E-19 7.280831453294384E-5 0.9997613195752664 3.7483618531143025E-5 1.6494054129262863E-7 7.112049243122536E-5 6.0917660601313284E-40 
1.621803474863969E-5 7.101521871624897E-11 5.912189262131599E-19 3.898266365416308E-23 2.3274449398593135E-10 0.9999760715227635 5.28727352044088E-7 8.128330350475604E-8 7.100128072505997E-6 1.8147310321081894E-48 
3.306999042860361E-4 7.618930602870762E-29 1.3834861744771622E-24 5.757695689984629E-19 2.0094010358047806E-19 0.9982841886218816 0.0013851049731791053 4.551210520036747E-14 6.500607806406038E-9 3.0281354653339225E-94 
2.621466395326004E-6 1.8211240343742593E-18 1.538159593598585E-23 3.2013858852611853E-29 1.1082264960341342E-9 0.9999973772203049 1.9574012206751616E-10 1.7783954048411453E-13 9.155325662239811E-12 2.725011412716468E-70 
