0.014285714285714287 0.014285714285714287 0.014285714285714287 0.014285714285714287 0.014285714285714287 0.014285714285714287 0.014285714285714287 0.5857142857142856 0.3 0.014285714285714287 
0.0024390243902439024 0.9536585365853659 0.0024390243902439024 0.0024390243902439024 0.0024390243902439024 0.0024390243902439024 0.0024390243902439024 0.0024390243902439024 0.02682926829268293 0.0024390243902439024 
0.002325581395348837 0.002325581395348837 0.04883720930232558 0.002325581395348837 0.002325581395348837 0.37441860465116283 0.16511627906976745 0.002325581395348837 0.3976744186046512 0.002325581395348837 
0.11666666666666667 0.005555555555555556 0.17222222222222222 0.005555555555555556 0.005555555555555556 0.005555555555555556 0.6722222222222222 0.005555555555555556 0.005555555555555556 0.005555555555555556 
0.005555555555555556 0.061111111111111116 0.005555555555555556 0.005555555555555556 0.005555555555555556 0.005555555555555556 0.6166666666666667 0.061111111111111116 0.22777777777777775 0.005555555555555556 
0.005555555555555556 0.005555555555555556 0.005555555555555556 0.005555555555555556 0.061111111111111116 0.005555555555555556 0.6166666666666667 0.2833333333333333 0.005555555555555556 0.005555555555555556 
0.005263157894736842 0.005263157894736842 0.1105263157894737 0.005263157894736842 0.005263157894736842 0.05789473684210527 0.7947368421052632 0.005263157894736842 0.005263157894736842 0.005263157894736842 
0.0058823529411764705 0.12352941176470589 0.06470588235294118 0.1823529411764706 0.0058823529411764705 0.0058823529411764705 0.4764705882352941 0.0058823529411764705 0.12352941176470589 0.0058823529411764705 
0.005 0.005 0.005 0.005 0.005 0.005 0.8550000000000001 0.005 0.10500000000000001 0.005 
0.00625 0.00625 0.00625 0.00625 0.00625 0.19375 0.63125 0.13125 0.00625 0.00625 
0.005555555555555556 0.005555555555555556 0.005555555555555556 0.005555555555555556 0.005555555555555556 0.005555555555555556 0.6166666666666667 0.22777777777777775 0.11666666666666667 0.005555555555555556 
0.05789473684210527 0.05789473684210527 0.005263157894736842 0.005263157894736842 0.005263157894736842 0.005263157894736842 0.8473684210526317 0.005263157894736842 0.005263157894736842 0.005263157894736842 
0.007692307692307693 0.007692307692307693 0.007692307692307693 0.007692307692307693 0.007692307692307693 0.007692307692307693 0.8538461538461538 0.007692307692307693 0.08461538461538462 0.007692307692307693 
0.002325581395348837 0.002325581395348837 0.002325581395348837 0.002325581395348837 0.04883720930232558 0.2116279069767442 0.002325581395348837 0.14186046511627906 0.5837209302325582 0.002325581395348837 
0.06470588235294118 0.0058823529411764705 0.0058823529411764705 0.0058823529411764705 0.0058823529411764705 0.0058823529411764705 0.888235294117647 0.0058823529411764705 0.0058823529411764705 0.0058823529411764705 
0.005555555555555556 0.005555555555555556 0.005555555555555556 0.005555555555555556 0.005555555555555556 0.11666666666666667 0.5055555555555555 0.11666666666666667 0.22777777777777775 0.005555555555555556 
0.005 0.005 0.355 0.005 0.005 0.155 0.45499999999999996 0.005 0.005 0.005 
0.005555555555555556 0.005555555555555556 0.005555555555555556 0.005555555555555556 0.005555555555555556 0.005555555555555556 0.7277777777777777 0.061111111111111116 0.17222222222222222 0.005555555555555556 
0.005555555555555556 0.005555555555555556 0.061111111111111116 0.005555555555555556 0.005555555555555556 0.005555555555555556 0.7277777777777777 0.061111111111111116 0.11666666666666667 0.005555555555555556 
0.004 0.004 0.004 0.044000000000000004 0.004 0.684 0.124 0.124 0.004 0.004 
0.71 0.01 0.01 0.01 0.01 0.01 0.01 0.01 0.11000000000000001 0.11000000000000001 
0.03666666666666667 0.0033333333333333335 0.13666666666666666 0.0033333333333333335 0.0033333333333333335 0.10333333333333333 0.33666666666666667 0.37 0.0033333333333333335 0.0033333333333333335 
0.004545454545454546 0.004545454545454546 0.45909090909090905 0.004545454545454546 0.05 0.09545454545454546 0.004545454545454546 0.18636363636363634 0.18636363636363634 0.004545454545454546 
0.346875 0.003125 0.065625 0.003125 0.003125 0.003125 0.034375 0.034375 0.503125 0.003125 
0.11666666666666667 0.005555555555555556 0.005555555555555556 0.061111111111111116 0.005555555555555556 0.22777777777777775 0.005555555555555556 0.33888888888888885 0.22777777777777775 0.005555555555555556 
0.3080645161290323 0.19516129032258064 0.0016129032258064516 0.0016129032258064516 0.37258064516129036 0.0016129032258064516 0.09838709677419354 0.017741935483870968 0.0016129032258064516 0.0016129032258064516 
0.1823529411764706 0.0058823529411764705 0.0058823529411764705 0.0058823529411764705 0.0058823529411764705 0.06470588235294118 0.0058823529411764705 0.711764705882353 0.0058823529411764705 0.0058823529411764705 
0.004 0.004 0.004 0.004 0.004 0.004 0.8440000000000001 0.004 0.124 0.004 
0.00196078431372549 0.00196078431372549 0.00196078431372549 0.00196078431372549 0.060784313725490195 0.00196078431372549 0.1588235294117647 0.3941176470588236 0.31568627450980397 0.060784313725490195 
0.0058823529411764705 0.0058823529411764705 0.1823529411764706 0.0058823529411764705 0.0058823529411764705 0.0058823529411764705 0.7705882352941176 0.0058823529411764705 0.0058823529411764705 0.0058823529411764705 
0.004545454545454546 0.004545454545454546 0.004545454545454546 0.05 0.004545454545454546 0.05 0.004545454545454546 0.36818181818181817 0.5045454545454545 0.004545454545454546 
0.0020833333333333333 0.0020833333333333333 0.08541666666666665 0.0020833333333333333 0.02291666666666667 0.02291666666666667 0.043750000000000004 0.0020833333333333333 0.8145833333333333 0.0020833333333333333 
0.0035714285714285718 0.5392857142857143 0.0035714285714285718 0.0035714285714285718 0.0035714285714285718 0.0035714285714285718 0.21785714285714283 0.0035714285714285718 0.21785714285714283 0.0035714285714285718 
0.002857142857142857 0.17428571428571427 0.26 0.002857142857142857 0.08857142857142858 0.002857142857142857 0.03142857142857143 0.20285714285714285 0.23142857142857143 0.002857142857142857 
0.002325581395348837 0.002325581395348837 0.002325581395348837 0.002325581395348837 0.002325581395348837 0.5139534883720931 0.002325581395348837 0.16511627906976745 0.30465116279069765 0.002325581395348837 
0.003703703703703704 0.003703703703703704 0.003703703703703704 0.003703703703703704 0.003703703703703704 0.003703703703703704 0.003703703703703704 0.003703703703703704 0.9666666666666667 0.003703703703703704 
0.062 0.7020000000000001 0.042 0.002 0.002 0.08199999999999999 0.042 0.002 0.062 0.002 
0.025 0.1159090909090909 0.13863636363636364 0.025 0.002272727272727273 0.47954545454545455 0.13863636363636364 0.002272727272727273 0.07045454545454545 0.002272727272727273 
0.26842105263157895 0.005263157894736842 0.005263157894736842 0.005263157894736842 0.2157894736842105 0.005263157894736842 0.005263157894736842 0.4789473684210526 0.005263157894736842 0.005263157894736842 
0.016666666666666666 0.016666666666666666 0.016666666666666666 0.016666666666666666 0.016666666666666666 0.18333333333333335 0.016666666666666666 0.016666666666666666 0.6833333333333332 0.016666666666666666 
0.11296296296296296 0.11296296296296296 0.001851851851851852 0.001851851851851852 0.03888888888888889 0.07592592592592592 0.001851851851851852 0.001851851851851852 0.65 0.001851851851851852 
0.6375 0.0125 0.0125 0.0125 0.0125 0.1375 0.0125 0.1375 0.0125 0.0125 
0.011111111111111112 0.011111111111111112 0.011111111111111112 0.011111111111111112 0.011111111111111112 0.12222222222222223 0.011111111111111112 0.7888888888888889 0.011111111111111112 0.011111111111111112 
0.0030303030303030303 0.18484848484848485 0.0030303030303030303 0.0030303030303030303 0.4575757575757576 0.0030303030303030303 0.03333333333333333 0.0030303030303030303 0.27575757575757576 0.03333333333333333 
0.1108695652173913 0.002173913043478261 0.002173913043478261 0.002173913043478261 0.002173913043478261 0.523913043478261 0.002173913043478261 0.19782608695652174 0.15434782608695652 0.002173913043478261 
0.00625 0.00625 0.13125 0.00625 0.25625 0.00625 0.00625 0.00625 0.56875 0.00625 
0.05 0.004545454545454546 0.004545454545454546 0.004545454545454546 0.004545454545454546 0.004545454545454546 0.004545454545454546 0.004545454545454546 0.9136363636363637 0.004545454545454546 
0.002857142857142857 0.46 0.002857142857142857 0.08857142857142858 0.002857142857142857 0.23142857142857143 0.002857142857142857 0.002857142857142857 0.20285714285714285 0.002857142857142857 
0.12448979591836734 0.0020408163265306124 0.08367346938775509 0.0020408163265306124 0.0020408163265306124 0.5326530612244899 0.0020408163265306124 0.0020408163265306124 0.24693877551020407 0.0020408163265306124 
0.04782608695652174 0.30869565217391304 0.004347826086956522 0.04782608695652174 0.004347826086956522 0.4826086956521739 0.04782608695652174 0.04782608695652174 0.004347826086956522 0.004347826086956522 
0.002777777777777778 0.030555555555555558 0.25277777777777777 0.002777777777777778 0.002777777777777778 0.22499999999999998 0.002777777777777778 0.25277777777777777 0.22499999999999998 0.002777777777777778 
0.0024390243902439024 0.24634146341463414 0.0024390243902439024 0.0024390243902439024 0.0024390243902439024 0.6853658536585366 0.0024390243902439024 0.02682926829268293 0.02682926829268293 0.0024390243902439024 
0.006666666666666667 0.006666666666666667 0.006666666666666667 0.006666666666666667 0.006666666666666667 0.006666666666666667 0.006666666666666667 0.006666666666666667 0.94 0.006666666666666667 
0.096875 0.128125 0.003125 0.003125 0.003125 0.221875 0.003125 0.315625 0.221875 0.003125 
0.002857142857142857 0.002857142857142857 0.060000000000000005 0.03142857142857143 0.002857142857142857 0.20285714285714285 0.002857142857142857 0.5457142857142857 0.1457142857142857 0.002857142857142857 
0.004545454545454546 0.004545454545454546 0.004545454545454546 0.004545454545454546 0.004545454545454546 0.004545454545454546 0.004545454545454546 0.36818181818181817 0.5954545454545455 0.004545454545454546 
0.15283018867924528 0.05849056603773585 0.03962264150943397 0.0018867924528301887 0.0018867924528301887 0.0018867924528301887 0.4169811320754717 0.3226415094339623 0.0018867924528301887 0.0018867924528301887 
0.0029411764705882353 0.0029411764705882353 0.0029411764705882353 0.0029411764705882353 0.0029411764705882353 0.0029411764705882353 0.0029411764705882353 0.0029411764705882353 0.973529411764706 0.0029411764705882353 
0.05081967213114754 0.001639344262295082 0.001639344262295082 0.001639344262295082 0.001639344262295082 0.05081967213114754 0.7721311475409837 0.001639344262295082 0.11639344262295082 0.001639344262295082 
0.08039215686274509 0.00196078431372549 0.00196078431372549 0.00196078431372549 0.060784313725490195 0.00196078431372549 0.2372549019607843 0.00196078431372549 0.6098039215686275 0.00196078431372549 
0.0015151515151515152 0.2590909090909091 0.016666666666666666 0.0015151515151515152 0.0015151515151515152 0.0015151515151515152 0.0015151515151515152 0.5318181818181819 0.18333333333333332 0.0015151515151515152 
0.005 0.005 0.005 0.05500000000000001 0.005 0.005 0.005 0.40499999999999997 0.505 0.005 
0.0018181818181818182 0.0018181818181818182 0.0018181818181818182 0.0018181818181818182 0.02 0.0018181818181818182 0.0018181818181818182 0.0018181818181818182 0.9654545454545455 0.0018181818181818182 
0.005263157894736842 0.005263157894736842 0.005263157894736842 0.1631578947368421 0.005263157894736842 0.05789473684210527 0.6894736842105263 0.05789473684210527 0.005263157894736842 0.005263157894736842 
0.0030303030303030303 0.03333333333333333 0.0030303030303030303 0.0030303030303030303 0.0030303030303030303 0.0030303030303030303 0.9424242424242425 0.0030303030303030303 0.0030303030303030303 0.0030303030303030303 
0.005263157894736842 0.005263157894736842 0.005263157894736842 0.005263157894736842 0.005263157894736842 0.005263157894736842 0.32105263157894737 0.6368421052631579 0.005263157894736842 0.005263157894736842 
0.004545454545454546 0.2772727272727273 0.004545454545454546 0.004545454545454546 0.004545454545454546 0.004545454545454546 0.004545454545454546 0.6863636363636364 0.004545454545454546 0.004545454545454546 
0.0012345679012345679 0.0012345679012345679 0.09999999999999999 0.0012345679012345679 0.0012345679012345679 0.0012345679012345679 0.26049382716049385 0.0012345679012345679 0.6308641975308642 0.0012345679012345679 
0.04782608695652174 0.004347826086956522 0.004347826086956522 0.004347826086956522 0.004347826086956522 0.004347826086956522 0.09130434782608696 0.004347826086956522 0.8304347826086957 0.004347826086956522 
0.15714285714285717 0.3 0.014285714285714287 0.014285714285714287 0.014285714285714287 0.014285714285714287 0.014285714285714287 0.014285714285714287 0.15714285714285717 0.3 
0.002564102564102564 0.002564102564102564 0.02820512820512821 0.002564102564102564 0.05384615384615385 0.9 0.002564102564102564 0.002564102564102564 0.002564102564102564 0.002564102564102564 
0.11666666666666667 0.005555555555555556 0.005555555555555556 0.005555555555555556 0.005555555555555556 0.005555555555555556 0.005555555555555556 0.6722222222222222 0.17222222222222222 0.005555555555555556 
0.0029411764705882353 0.0029411764705882353 0.0029411764705882353 0.0029411764705882353 0.0029411764705882353 0.20882352941176469 0.03235294117647059 0.5617647058823529 0.03235294117647059 0.15 
0.0030303030303030303 0.03333333333333333 0.0030303030303030303 0.0030303030303030303 0.0030303030303030303 0.0030303030303030303 0.9424242424242425 0.0030303030303030303 0.0030303030303030303 0.0030303030303030303 
0.7625 0.0125 0.1375 0.0125 0.0125 0.0125 0.0125 0.0125 0.0125 0.0125 
0.004 0.204 0.004 0.004 0.044000000000000004 0.124 0.364 0.16399999999999998 0.084 0.004 
0.0030303030303030303 0.0030303030303030303 0.0030303030303030303 0.0030303030303030303 0.03333333333333333 0.9424242424242425 0.0030303030303030303 0.0030303030303030303 0.0030303030303030303 0.0030303030303030303 
0.0019230769230769232 0.0019230769230769232 0.0019230769230769232 0.0019230769230769232 0.0019230769230769232 0.11730769230769231 0.0019230769230769232 0.8480769230769231 0.021153846153846155 0.0019230769230769232 
0.003703703703703704 0.003703703703703704 0.003703703703703704 0.003703703703703704 0.040740740740740744 0.003703703703703704 0.003703703703703704 0.7444444444444445 0.18888888888888888 0.003703703703703704 
0.0016949152542372883 0.08644067796610169 0.0016949152542372883 0.0016949152542372883 0.6457627118644068 0.0016949152542372883 0.05254237288135594 0.0016949152542372883 0.20508474576271185 0.0016949152542372883 
0.014285714285714287 0.014285714285714287 0.014285714285714287 0.014285714285714287 0.014285714285714287 0.7285714285714285 0.014285714285714287 0.014285714285714287 0.15714285714285717 0.014285714285714287 
0.0013333333333333335 0.0013333333333333335 0.0013333333333333335 0.0013333333333333335 0.0013333333333333335 0.014666666666666668 0.36133333333333334 0.0013333333333333335 0.6146666666666667 0.0013333333333333335 
0.003448275862068966 0.21034482758620687 0.003448275862068966 0.21034482758620687 0.003448275862068966 0.003448275862068966 0.003448275862068966 0.07241379310344828 0.4862068965517241 0.003448275862068966 
0.00625 0.00625 0.06875 0.00625 0.00625 0.44375 0.00625 0.44375 0.00625 0.00625 
0.016666666666666666 0.016666666666666666 0.016666666666666666 0.016666666666666666 0.016666666666666666 0.016666666666666666 0.85 0.016666666666666666 0.016666666666666666 0.016666666666666666 
0.0030303030303030303 0.0030303030303030303 0.0030303030303030303 0.0030303030303030303 0.0030303030303030303 0.9727272727272728 0.0030303030303030303 0.0030303030303030303 0.0030303030303030303 0.0030303030303030303 
0.0024390243902439024 0.0024390243902439024 0.41707317073170735 0.0024390243902439024 0.0024390243902439024 0.09999999999999999 0.12439024390243901 0.24634146341463414 0.09999999999999999 0.0024390243902439024 
0.005 0.155 0.205 0.005 0.005 0.005 0.005 0.605 0.005 0.005 
0.0033333333333333335 0.0033333333333333335 0.0033333333333333335 0.0033333333333333335 0.0033333333333333335 0.9700000000000001 0.0033333333333333335 0.0033333333333333335 0.0033333333333333335 0.0033333333333333335 
0.0030303030303030303 0.03333333333333333 0.0030303030303030303 0.0030303030303030303 0.0030303030303030303 0.0030303030303030303 0.9121212121212121 0.03333333333333333 0.0030303030303030303 0.0030303030303030303 
0.0016949152542372883 0.0016949152542372883 0.0016949152542372883 0.0016949152542372883 0.7135593220338984 0.0016949152542372883 0.0016949152542372883 0.01864406779661017 0.2559322033898305 0.0016949152542372883 
0.16904761904761903 0.002380952380952381 0.002380952380952381 0.002380952380952381 0.002380952380952381 0.3357142857142857 0.002380952380952381 0.4785714285714286 0.002380952380952381 0.002380952380952381 
0.0038461538461538464 0.0038461538461538464 0.1576923076923077 0.0038461538461538464 0.08076923076923077 0.0038461538461538464 0.5807692307692307 0.0038461538461538464 0.1576923076923077 0.0038461538461538464 
0.0018181818181818182 0.0018181818181818182 0.0018181818181818182 0.0018181818181818182 0.0018181818181818182 0.02 0.0018181818181818182 0.02 0.9472727272727273 0.0018181818181818182 
0.002272727272727273 0.025 0.3431818181818182 0.002272727272727273 0.025 0.002272727272727273 0.002272727272727273 0.5704545454545454 0.002272727272727273 0.025 
0.16486486486486485 0.002702702702702703 0.002702702702702703 0.002702702702702703 0.002702702702702703 0.002702702702702703 0.002702702702702703 0.7594594594594595 0.05675675675675676 0.002702702702702703 
0.02 0.02 0.02 0.02 0.02 0.02 0.02 0.82 0.02 0.02 
0.0032258064516129032 0.0032258064516129032 0.0032258064516129032 0.0032258064516129032 0.0032258064516129032 0.0032258064516129032 0.35806451612903223 0.1 0.5193548387096775 0.0032258064516129032 
0.002272727272727273 0.025 0.002272727272727273 0.002272727272727273 0.002272727272727273 0.002272727272727273 0.16136363636363635 0.002272727272727273 0.7977272727272727 0.002272727272727273 
0.004166666666666667 0.004166666666666667 0.004166666666666667 0.004166666666666667 0.004166666666666667 0.004166666666666667 0.04583333333333334 0.8375 0.08750000000000001 0.004166666666666667 
0.09166666666666667 0.008333333333333333 0.09166666666666667 0.25833333333333336 0.008333333333333333 0.008333333333333333 0.008333333333333333 0.5083333333333333 0.008333333333333333 0.008333333333333333 
0.003703703703703704 0.44814814814814813 0.003703703703703704 0.003703703703703704 0.07777777777777778 0.003703703703703704 0.18888888888888888 0.040740740740740744 0.22592592592592592 0.003703703703703704 
0.0030303030303030303 0.0030303030303030303 0.0030303030303030303 0.0030303030303030303 0.0030303030303030303 0.03333333333333333 0.0030303030303030303 0.6090909090909091 0.33636363636363636 0.0030303030303030303 
0.3736842105263158 0.005263157894736842 0.005263157894736842 0.1105263157894737 0.005263157894736842 0.1105263157894737 0.3736842105263158 0.005263157894736842 0.005263157894736842 0.005263157894736842 
0.002564102564102564 0.002564102564102564 0.002564102564102564 0.002564102564102564 0.002564102564102564 0.31025641025641026 0.02820512820512821 0.002564102564102564 0.6435897435897436 0.002564102564102564 
0.2318181818181818 0.004545454545454546 0.004545454545454546 0.004545454545454546 0.004545454545454546 0.004545454545454546 0.004545454545454546 0.45909090909090905 0.004545454545454546 0.2772727272727273 
0.0032258064516129032 0.0032258064516129032 0.0032258064516129032 0.0032258064516129032 0.0032258064516129032 0.970967741935484 0.0032258064516129032 0.0032258064516129032 0.0032258064516129032 0.0032258064516129032 
0.002173913043478261 0.002173913043478261 0.002173913043478261 0.002173913043478261 0.002173913043478261 0.06739130434782609 0.002173913043478261 0.7847826086956522 0.1326086956521739 0.002173913043478261 
0.004 0.004 0.004 0.004 0.044000000000000004 0.004 0.004 0.004 0.924 0.004 
0.002127659574468085 0.002127659574468085 0.002127659574468085 0.002127659574468085 0.002127659574468085 0.002127659574468085 0.002127659574468085 0.002127659574468085 0.9808510638297873 0.002127659574468085 
0.0020833333333333333 0.0020833333333333333 0.0020833333333333333 0.0020833333333333333 0.043750000000000004 0.0020833333333333333 0.0020833333333333333 0.0020833333333333333 0.9395833333333333 0.0020833333333333333 
0.25416666666666665 0.004166666666666667 0.004166666666666667 0.004166666666666667 0.004166666666666667 0.004166666666666667 0.004166666666666667 0.6291666666666667 0.08750000000000001 0.004166666666666667 
0.004347826086956522 0.004347826086956522 0.04782608695652174 0.004347826086956522 0.004347826086956522 0.04782608695652174 0.7000000000000001 0.1782608695652174 0.004347826086956522 0.004347826086956522 
0.00625 0.00625 0.00625 0.00625 0.00625 0.00625 0.00625 0.00625 0.94375 0.00625 
0.337037037037037 0.003703703703703704 0.003703703703703704 0.003703703703703704 0.003703703703703704 0.48518518518518516 0.003703703703703704 0.040740740740740744 0.11481481481481481 0.003703703703703704 
0.00196078431372549 0.00196078431372549 0.00196078431372549 0.00196078431372549 0.31568627450980397 0.00196078431372549 0.296078431372549 0.00196078431372549 0.37450980392156863 0.00196078431372549 
0.1708333333333333 0.004166666666666667 0.12916666666666668 0.004166666666666667 0.004166666666666667 0.004166666666666667 0.29583333333333334 0.37916666666666665 0.004166666666666667 0.004166666666666667 
0.20666666666666667 0.006666666666666667 0.006666666666666667 0.006666666666666667 0.006666666666666667 0.2733333333333333 0.006666666666666667 0.33999999999999997 0.14 0.006666666666666667 
0.0018181818181818182 0.038181818181818185 0.1109090909090909 0.0018181818181818182 0.0018181818181818182 0.1290909090909091 0.0018181818181818182 0.6927272727272727 0.02 0.0018181818181818182 
0.027500000000000004 0.0025 0.0025 0.0025 0.027500000000000004 0.027500000000000004 0.1275 0.7775000000000001 0.0025 0.0025 
0.0030303030303030303 0.0030303030303030303 0.0030303030303030303 0.0030303030303030303 0.0030303030303030303 0.9727272727272728 0.0030303030303030303 0.0030303030303030303 0.0030303030303030303 0.0030303030303030303 
0.011111111111111112 0.011111111111111112 0.011111111111111112 0.011111111111111112 0.011111111111111112 0.5666666666666667 0.011111111111111112 0.23333333333333334 0.12222222222222223 0.011111111111111112 
0.01 0.01 0.01 0.01 0.21000000000000002 0.61 0.01 0.11000000000000001 0.01 0.01 
0.005 0.005 0.005 0.005 0.005 0.905 0.005 0.05500000000000001 0.005 0.005 
0.051219512195121955 0.4658536585365854 0.0024390243902439024 0.0024390243902439024 0.0024390243902439024 0.0024390243902439024 0.24634146341463414 0.0024390243902439024 0.22195121951219512 0.0024390243902439024 
0.005555555555555556 0.005555555555555556 0.005555555555555556 0.005555555555555556 0.005555555555555556 0.6722222222222222 0.005555555555555556 0.2833333333333333 0.005555555555555556 0.005555555555555556 
0.00625 0.00625 0.00625 0.00625 0.00625 0.75625 0.00625 0.00625 0.19375 0.00625 
0.0029411764705882353 0.0029411764705882353 0.0029411764705882353 0.0029411764705882353 0.061764705882352944 0.8852941176470589 0.0029411764705882353 0.0029411764705882353 0.0029411764705882353 0.03235294117647059 
0.0033333333333333335 0.5033333333333333 0.0033333333333333335 0.03666666666666667 0.0033333333333333335 0.0033333333333333335 0.0033333333333333335 0.0033333333333333335 0.43666666666666665 0.0033333333333333335 
0.33749999999999997 0.004166666666666667 0.25416666666666665 0.004166666666666667 0.004166666666666667 0.004166666666666667 0.37916666666666665 0.004166666666666667 0.004166666666666667 0.004166666666666667 
0.0035714285714285718 0.03928571428571429 0.03928571428571429 0.0035714285714285718 0.0035714285714285718 0.1464285714285714 0.0035714285714285718 0.7535714285714287 0.0035714285714285718 0.0035714285714285718 
0.005555555555555556 0.17222222222222222 0.005555555555555556 0.005555555555555556 0.005555555555555556 0.005555555555555556 0.17222222222222222 0.6166666666666667 0.005555555555555556 0.005555555555555556 
0.005 0.155 0.005 0.005 0.005 0.005 0.40499999999999997 0.355 0.05500000000000001 0.005 
0.41282051282051285 0.2846153846153846 0.02820512820512821 0.002564102564102564 0.05384615384615385 0.002564102564102564 0.002564102564102564 0.20769230769230768 0.002564102564102564 0.002564102564102564 
0.002702702702702703 0.4081081081081081 0.002702702702702703 0.02972972972972973 0.08378378378378379 0.002702702702702703 0.002702702702702703 0.4621621621621622 0.002702702702702703 0.002702702702702703 
0.0024390243902439024 0.02682926829268293 0.19756097560975608 0.0024390243902439024 0.0024390243902439024 0.17317073170731706 0.2707317073170732 0.0024390243902439024 0.2707317073170732 0.051219512195121955 
0.155 0.005 0.5549999999999999 0.005 0.005 0.255 0.005 0.005 0.005 0.005 
0.009090909090909092 0.2818181818181818 0.009090909090909092 0.009090909090909092 0.009090909090909092 0.009090909090909092 0.009090909090909092 0.5545454545454546 0.1 0.009090909090909092 
0.09166666666666667 0.008333333333333333 0.008333333333333333 0.008333333333333333 0.008333333333333333 0.008333333333333333 0.8416666666666667 0.008333333333333333 0.008333333333333333 0.008333333333333333 
0.005 0.005 0.005 0.005 0.05500000000000001 0.005 0.8550000000000001 0.05500000000000001 0.005 0.005 
0.011111111111111112 0.011111111111111112 0.011111111111111112 0.011111111111111112 0.011111111111111112 0.011111111111111112 0.011111111111111112 0.8999999999999999 0.011111111111111112 0.011111111111111112 
0.02 0.02 0.22000000000000003 0.02 0.02 0.02 0.62 0.02 0.02 0.02 
0.0029411764705882353 0.0911764705882353 0.0029411764705882353 0.15 0.0029411764705882353 0.0029411764705882353 0.41470588235294115 0.0911764705882353 0.17941176470588235 0.061764705882352944 
0.004166666666666667 0.004166666666666667 0.33749999999999997 0.08750000000000001 0.004166666666666667 0.004166666666666667 0.5458333333333333 0.004166666666666667 0.004166666666666667 0.004166666666666667 
0.003703703703703704 0.15185185185185185 0.37407407407407406 0.003703703703703704 0.07777777777777778 0.003703703703703704 0.003703703703703704 0.37407407407407406 0.003703703703703704 0.003703703703703704 
0.15714285714285717 0.15714285714285717 0.014285714285714287 0.014285714285714287 0.014285714285714287 0.014285714285714287 0.014285714285714287 0.014285714285714287 0.5857142857142856 0.014285714285714287 
0.003703703703703704 0.003703703703703704 0.26296296296296295 0.003703703703703704 0.003703703703703704 0.003703703703703704 0.11481481481481481 0.5592592592592592 0.003703703703703704 0.040740740740740744 
0.01 0.01 0.01 0.01 0.01 0.21000000000000002 0.01 0.01 0.71 0.01 
0.004166666666666667 0.004166666666666667 0.04583333333333334 0.004166666666666667 0.004166666666666667 0.29583333333333334 0.2125 0.004166666666666667 0.42083333333333334 0.004166666666666667 
0.5941176470588235 0.06470588235294118 0.0058823529411764705 0.0058823529411764705 0.0058823529411764705 0.3 0.0058823529411764705 0.0058823529411764705 0.0058823529411764705 0.0058823529411764705 
0.0029411764705882353 0.0029411764705882353 0.03235294117647059 0.0029411764705882353 0.4441176470588235 0.12058823529411763 0.03235294117647059 0.0029411764705882353 0.3558823529411765 0.0029411764705882353 
0.008333333333333333 0.008333333333333333 0.008333333333333333 0.008333333333333333 0.008333333333333333 0.008333333333333333 0.008333333333333333 0.008333333333333333 0.9249999999999999 0.008333333333333333 
0.004 0.004 0.004 0.004 0.004 0.004 0.004 0.004 0.9640000000000001 0.004 
0.09130434782608696 0.004347826086956522 0.004347826086956522 0.004347826086956522 0.13478260869565217 0.04782608695652174 0.004347826086956522 0.004347826086956522 0.7000000000000001 0.004347826086956522 
0.04285714285714286 0.0020408163265306124 0.14489795918367346 0.0020408163265306124 0.0020408163265306124 0.06326530612244897 0.0020408163265306124 0.0020408163265306124 0.7367346938775511 0.0020408163265306124 
0.004166666666666667 0.004166666666666667 0.2125 0.004166666666666667 0.004166666666666667 0.004166666666666667 0.004166666666666667 0.37916666666666665 0.33749999999999997 0.04583333333333334 
0.004545454545454546 0.2318181818181818 0.004545454545454546 0.004545454545454546 0.004545454545454546 0.45909090909090905 0.004545454545454546 0.004545454545454546 0.2772727272727273 0.004545454545454546 
0.002702702702702703 0.002702702702702703 0.002702702702702703 0.002702702702702703 0.002702702702702703 0.002702702702702703 0.327027027027027 0.6513513513513514 0.002702702702702703 0.002702702702702703 
0.0013157894736842105 0.053947368421052626 0.09342105263157895 0.014473684210526317 0.0013157894736842105 0.18552631578947368 0.053947368421052626 0.21184210526315791 0.3828947368421053 0.0013157894736842105 
0.009090909090909092 0.009090909090909092 0.009090909090909092 0.009090909090909092 0.009090909090909092 0.009090909090909092 0.7363636363636363 0.19090909090909092 0.009090909090909092 0.009090909090909092 
0.0024390243902439024 0.051219512195121955 0.02682926829268293 0.0024390243902439024 0.0024390243902439024 0.24634146341463414 0.07560975609756097 0.22195121951219512 0.36829268292682926 0.0024390243902439024 
0.008333333333333333 0.008333333333333333 0.008333333333333333 0.008333333333333333 0.25833333333333336 0.008333333333333333 0.008333333333333333 0.6749999999999999 0.008333333333333333 0.008333333333333333 
0.0035714285714285718 0.18214285714285713 0.075 0.0035714285714285718 0.0035714285714285718 0.7178571428571429 0.0035714285714285718 0.0035714285714285718 0.0035714285714285718 0.0035714285714285718 
0.0038461538461538464 0.926923076923077 0.0038461538461538464 0.0038461538461538464 0.0038461538461538464 0.04230769230769231 0.0038461538461538464 0.0038461538461538464 0.0038461538461538464 0.0038461538461538464 
0.002777777777777778 0.002777777777777778 0.002777777777777778 0.002777777777777778 0.002777777777777778 0.002777777777777778 0.002777777777777778 0.002777777777777778 0.9750000000000001 0.002777777777777778 
0.0038461538461538464 0.0038461538461538464 0.0038461538461538464 0.0038461538461538464 0.0038461538461538464 0.5423076923076923 0.04230769230769231 0.38846153846153847 0.0038461538461538464 0.0038461538461538464 
0.0016666666666666668 0.0016666666666666668 0.0016666666666666668 0.0016666666666666668 0.8350000000000001 0.0016666666666666668 0.15166666666666667 0.0016666666666666668 0.0016666666666666668 0.0016666666666666668 
0.0022222222222222222 0.0022222222222222222 0.13555555555555554 0.0022222222222222222 0.0022222222222222222 0.38 0.0022222222222222222 0.13555555555555554 0.33555555555555555 0.0022222222222222222 
0.02820512820512821 0.0794871794871795 0.5410256410256411 0.10512820512820512 0.20769230769230768 0.002564102564102564 0.002564102564102564 0.002564102564102564 0.02820512820512821 0.002564102564102564 
0.005555555555555556 0.005555555555555556 0.11666666666666667 0.005555555555555556 0.005555555555555556 0.005555555555555556 0.7277777777777777 0.005555555555555556 0.005555555555555556 0.11666666666666667 
0.002564102564102564 0.13076923076923075 0.002564102564102564 0.002564102564102564 0.002564102564102564 0.002564102564102564 0.002564102564102564 0.23333333333333334 0.617948717948718 0.002564102564102564 
0.0071428571428571435 0.0071428571428571435 0.43571428571428567 0.0071428571428571435 0.0071428571428571435 0.0071428571428571435 0.0071428571428571435 0.0071428571428571435 0.5071428571428571 0.0071428571428571435 
0.004545454545454546 0.004545454545454546 0.2318181818181818 0.004545454545454546 0.05 0.1409090909090909 0.004545454545454546 0.004545454545454546 0.5499999999999999 0.004545454545454546 
0.0020408163265306124 0.14489795918367346 0.022448979591836737 0.0020408163265306124 0.0020408163265306124 0.6142857142857143 0.0020408163265306124 0.12448979591836734 0.08367346938775509 0.0020408163265306124 
0.0032258064516129032 0.4225806451612903 0.06774193548387097 0.0032258064516129032 0.0032258064516129032 0.0032258064516129032 0.035483870967741936 0.0032258064516129032 0.45483870967741935 0.0032258064516129032 
0.0020408163265306124 0.0020408163265306124 0.0020408163265306124 0.0020408163265306124 0.0020408163265306124 0.49183673469387756 0.0020408163265306124 0.2673469387755102 0.22653061224489796 0.0020408163265306124 
0.001851851851851852 0.001851851851851852 0.001851851851851852 0.001851851851851852 0.001851851851851852 0.37222222222222223 0.001851851851851852 0.4277777777777778 0.18703703703703703 0.001851851851851852 
0.005555555555555556 0.005555555555555556 0.005555555555555556 0.005555555555555556 0.005555555555555556 0.44999999999999996 0.005555555555555556 0.061111111111111116 0.44999999999999996 0.005555555555555556 
0.007692307692307693 0.007692307692307693 0.007692307692307693 0.007692307692307693 0.007692307692307693 0.23846153846153847 0.007692307692307693 0.007692307692307693 0.7 0.007692307692307693 
0.2927272727272728 0.4563636363636364 0.038181818181818185 0.0018181818181818182 0.0018181818181818182 0.0018181818181818182 0.09272727272727273 0.09272727272727273 0.02 0.0018181818181818182 
0.005263157894736842 0.005263157894736842 0.005263157894736842 0.05789473684210527 0.005263157894736842 0.7947368421052632 0.005263157894736842 0.005263157894736842 0.1105263157894737 0.005263157894736842 
0.0032258064516129032 0.0032258064516129032 0.0032258064516129032 0.0032258064516129032 0.0032258064516129032 0.970967741935484 0.0032258064516129032 0.0032258064516129032 0.0032258064516129032 0.0032258064516129032 
0.0071428571428571435 0.0071428571428571435 0.0071428571428571435 0.0071428571428571435 0.0071428571428571435 0.7928571428571428 0.0071428571428571435 0.0071428571428571435 0.0071428571428571435 0.15 
0.005 0.005 0.005 0.005 0.005 0.9550000000000001 0.005 0.005 0.005 0.005 
0.0016666666666666668 0.16833333333333333 0.0016666666666666668 0.0016666666666666668 0.0016666666666666668 0.8183333333333334 0.0016666666666666668 0.0016666666666666668 0.0016666666666666668 0.0016666666666666668 
0.0011494252873563218 0.2425287356321839 0.1735632183908046 0.0011494252873563218 0.047126436781609195 0.48390804597701154 0.0011494252873563218 0.035632183908045977 0.012643678160919542 0.0011494252873563218 
0.002272727272727273 0.36590909090909096 0.07045454545454545 0.002272727272727273 0.002272727272727273 0.5477272727272727 0.002272727272727273 0.002272727272727273 0.002272727272727273 0.002272727272727273 
0.0035714285714285718 0.03928571428571429 0.21785714285714283 0.0035714285714285718 0.0035714285714285718 0.7178571428571429 0.0035714285714285718 0.0035714285714285718 0.0035714285714285718 0.0035714285714285718 
0.004 0.084 0.124 0.004 0.004 0.044000000000000004 0.004 0.284 0.364 0.084 
0.0022222222222222222 0.0022222222222222222 0.33555555555555555 0.0022222222222222222 0.0022222222222222222 0.22444444444444445 0.0022222222222222222 0.22444444444444445 0.0022222222222222222 0.20222222222222222 
0.002777777777777778 0.002777777777777778 0.7805555555555556 0.002777777777777778 0.030555555555555558 0.058333333333333334 0.002777777777777778 0.002777777777777778 0.08611111111111111 0.030555555555555558 
0.0020408163265306124 0.0020408163265306124 0.14489795918367346 0.022448979591836737 0.0020408163265306124 0.573469387755102 0.022448979591836737 0.12448979591836734 0.10408163265306122 0.0020408163265306124 
0.002173913043478261 0.002173913043478261 0.5456521739130435 0.21956521739130433 0.002173913043478261 0.002173913043478261 0.002173913043478261 0.002173913043478261 0.15434782608695652 0.06739130434782609 
0.005263157894736842 0.005263157894736842 0.2157894736842105 0.005263157894736842 0.005263157894736842 0.3736842105263158 0.32105263157894737 0.005263157894736842 0.05789473684210527 0.005263157894736842 
0.005 0.005 0.05500000000000001 0.005 0.005 0.705 0.005 0.155 0.05500000000000001 0.005 
0.002631578947368421 0.002631578947368421 0.028947368421052635 0.002631578947368421 0.002631578947368421 0.5552631578947369 0.002631578947368421 0.3447368421052632 0.05526315789473685 0.002631578947368421 
0.00625 0.00625 0.56875 0.00625 0.00625 0.00625 0.13125 0.00625 0.25625 0.00625 
0.05500000000000001 0.005 0.005 0.005 0.005 0.005 0.605 0.005 0.305 0.005 
0.004166666666666667 0.004166666666666667 0.004166666666666667 0.004166666666666667 0.004166666666666667 0.29583333333333334 0.5041666666666667 0.004166666666666667 0.12916666666666668 0.04583333333333334 
0.003448275862068966 0.003448275862068966 0.14137931034482756 0.003448275862068966 0.003448275862068966 0.17586206896551723 0.21034482758620687 0.4517241379310345 0.003448275862068966 0.003448275862068966 
0.08076923076923077 0.0038461538461538464 0.0038461538461538464 0.11923076923076924 0.0038461538461538464 0.0038461538461538464 0.0038461538461538464 0.5423076923076923 0.23461538461538461 0.0038461538461538464 
0.21956521739130433 0.02391304347826087 0.3934782608695652 0.06739130434782609 0.002173913043478261 0.002173913043478261 0.21956521739130433 0.06739130434782609 0.002173913043478261 0.002173913043478261 
0.2833333333333333 0.005555555555555556 0.005555555555555556 0.005555555555555556 0.005555555555555556 0.6722222222222222 0.005555555555555556 0.005555555555555556 0.005555555555555556 0.005555555555555556 
0.020754716981132078 0.03962264150943397 0.22830188679245284 0.0018867924528301887 0.0018867924528301887 0.5679245283018868 0.0018867924528301887 0.0018867924528301887 0.1339622641509434 0.0018867924528301887 
0.0038461538461538464 0.27307692307692305 0.0038461538461538464 0.0038461538461538464 0.0038461538461538464 0.5423076923076923 0.0038461538461538464 0.11923076923076924 0.04230769230769231 0.0038461538461538464 
0.01 0.01 0.01 0.01 0.01 0.01 0.01 0.51 0.41 0.01 
0.1 0.009090909090909092 0.1 0.009090909090909092 0.009090909090909092 0.3727272727272727 0.19090909090909092 0.009090909090909092 0.19090909090909092 0.009090909090909092 
0.1631578947368421 0.05789473684210527 0.005263157894736842 0.005263157894736842 0.005263157894736842 0.005263157894736842 0.4263157894736842 0.1631578947368421 0.1631578947368421 0.005263157894736842 
0.002173913043478261 0.21956521739130433 0.002173913043478261 0.002173913043478261 0.002173913043478261 0.002173913043478261 0.002173913043478261 0.002173913043478261 0.7630434782608696 0.002173913043478261 
0.002272727272727273 0.4113636363636364 0.09318181818181817 0.002272727272727273 0.002272727272727273 0.002272727272727273 0.002272727272727273 0.002272727272727273 0.47954545454545455 0.002272727272727273 
0.155 0.155 0.005 0.05500000000000001 0.005 0.05500000000000001 0.005 0.5549999999999999 0.005 0.005 
0.03235294117647059 0.061764705882352944 0.0911764705882353 0.0029411764705882353 0.0029411764705882353 0.17941176470588235 0.0029411764705882353 0.0029411764705882353 0.6205882352941177 0.0029411764705882353 
0.17941176470588235 0.0029411764705882353 0.5029411764705882 0.061764705882352944 0.03235294117647059 0.03235294117647059 0.0029411764705882353 0.17941176470588235 0.0029411764705882353 0.0029411764705882353 
0.005263157894736842 0.005263157894736842 0.005263157894736842 0.005263157894736842 0.005263157894736842 0.9526315789473685 0.005263157894736842 0.005263157894736842 0.005263157894736842 0.005263157894736842 
0.002325581395348837 0.2813953488372093 0.002325581395348837 0.002325581395348837 0.002325581395348837 0.04883720930232558 0.04883720930232558 0.5604651162790698 0.04883720930232558 0.002325581395348837 
0.006666666666666667 0.006666666666666667 0.006666666666666667 0.07333333333333333 0.006666666666666667 0.07333333333333333 0.006666666666666667 0.2733333333333333 0.5399999999999999 0.006666666666666667 
