1.5277206899414234E-4 0.006117145342053276 0.004344560981310305 0.20960600412762018 0.025043740449543765 0.06827848660556951 0.26738500136684934 2.087791548033752E-4 0.020164904963133723 0.3986986049401223 
3.383026805661551E-25 1.2850005973944847E-16 2.893738786686016E-20 3.6831871595443284E-14 0.9998901152248213 2.799242131433456E-20 1.0621269916418971E-4 2.5274154242200293E-21 3.4216368155867404E-6 2.504391619772179E-7 
2.425076736372127E-37 3.156550433728626E-30 2.5643202643445436E-36 0.9982354547316685 1.90929076330793E-23 7.66998335052584E-16 9.30512522716754E-5 3.0307905134692426E-38 1.3451158561601284E-30 0.0016714940160591709 
3.677916704594258E-9 1.6135184465666742E-4 1.6907605043003582E-5 2.080766053916257E-5 0.0011984069021581678 1.241889529325641E-5 5.895164335699767E-5 7.37729548120462E-11 1.1422727928440672E-4 0.9984169244179787 
2.5451129501286193E-14 2.7112573728039223E-9 4.352586376364106E-15 6.565220355335088E-4 4.5589244808026836E-9 2.2911174947431695E-6 4.179557256913834E-5 1.948555215592571E-12 2.1883314215731758E-10 0.9992993837834093 
1.1745151421746819E-9 1.1993088414829333E-5 4.29896645997726E-7 5.282953910197808E-4 9.497325565505103E-5 4.6700330682426574E-6 3.0195051668415767E-5 3.998012051191007E-12 2.862582844012507E-6 0.9993265795221705 
2.96536442549238E-10 8.136166918800677E-5 6.203479041786938E-8 2.7979393971950444E-4 6.796933806908207E-5 3.15743424903063E-6 1.4683266008367506E-4 1.7531748532922335E-10 4.717225726579767E-5 0.9993736501947806 
2.926410284778043E-11 1.8348320288181097E-5 6.681892470522077E-9 0.0014501397406800726 2.2244075358257003E-4 1.649031151866171E-4 4.5316709009151805E-4 4.279838695561656E-9 1.2205449053978476E-4 0.997568935498636 
2.373016391770448E-14 1.527117521501095E-8 4.349844634795712E-11 7.238461471375271E-4 1.4746762132782566E-7 5.23761661603551E-8 4.459231174920029E-5 2.053916887762548E-15 1.0300753745442473E-9 0.9992313453525509 
1.160696899466063E-11 6.058417638246603E-8 6.931432023304179E-10 4.690647036071943E-4 2.821929718656026E-6 8.28345717952733E-7 3.781164971220323E-4 1.2377885085250243E-11 1.105962469423301E-7 0.9991489966262828 
2.0190578916979573E-15 1.5665645210751052E-10 1.0166681697159984E-14 0.002606421138631082 1.3971066278365377E-9 0.0016914485377134694 1.1842739130184083E-4 1.9809222757731902E-12 3.9437979867051614E-11 0.9955837013371595 
1.3125803881070069E-12 6.182101398810282E-8 7.09474788537534E-12 5.362585301903675E-5 8.276964167527687E-9 1.2494079339136098E-7 1.310612022696975E-5 5.0063410550541086E-14 3.713225735109013E-9 0.9999330692662993 
3.005157578476075E-8 7.340329945127892E-5 3.9101743698945093E-7 5.574155032873094E-4 1.0148662280755379E-4 5.778286967860857E-4 7.105781887008944E-4 2.2480784717481136E-8 9.238480137201192E-6 0.9979696056590323 
1.4620839020685379E-32 3.763928808383261E-29 4.316060110321394E-33 0.9873161853659904 3.947214647729375E-26 0.012549999979530754 1.3381433688413553E-4 1.549391524163101E-33 2.202199674299533E-28 3.17594756718481E-10 
8.771269136596418E-9 4.316109073841862E-4 1.8149544595896604E-6 1.5689376273976058E-4 3.5507896464023563E-4 3.838660442578014E-7 1.1187618660162369E-4 2.3824852476056064E-8 2.152465083898956E-5 0.9989207841111698 
4.833726956851573E-14 7.33609540818527E-11 1.4535379665206387E-12 5.146929607322976E-4 5.8460487519993515E-8 8.631029220582604E-8 1.6577809806885523E-4 7.304241415211981E-15 5.7810788287530186E-11 0.9993193840377382 
1.8511963786165354E-12 9.96507327304981E-7 9.597792306719987E-10 0.0035526802483280893 8.476831732804694E-6 1.7253707205544027E-7 3.394781723227425E-6 7.218430212365788E-14 3.844215042261765E-9 0.9964342742878989 
2.5476315973774738E-12 1.7048181991033546E-9 3.053743908472485E-10 9.91018128793599E-6 3.5635776511897405E-5 7.19344296262844E-8 4.235201568223048E-4 1.351711175201842E-10 1.294738498311529E-8 0.999530846855652 
2.8565429673127348E-11 5.366552787235047E-5 1.2246713821225693E-9 6.021957557021065E-4 3.0180865533970062E-6 7.574195179686612E-7 1.1628382866930037E-5 3.4244576025710877E-12 2.3173357562090792E-7 0.9993285018372503 
4.205057710845049E-12 5.707172922496832E-7 1.4328835722623426E-8 0.007288370751495472 0.0033216174817463084 0.6378176895419895 0.2251757946550161 6.98485119659887E-13 0.11724355102083527 0.009152391497885739 
7.06683099041598E-4 0.27142730094756673 0.05842388493239698 0.036817199731612384 0.46102789947644557 0.018941217652288057 0.004763724479767573 0.04214741454256203 0.002489520058862902 0.10325515507945605 
3.68370481054314E-18 3.538386299975519E-7 5.182943442818216E-14 0.8981669404055258 1.3716222232975391E-6 0.07325954153033419 2.9178801433392237E-6 5.686490525565457E-19 6.894465216354002E-11 0.028568874654146825 
8.046416750232723E-10 9.354715633308234E-7 7.373197388684749E-9 0.990110007803931 3.8111485159580856E-7 1.9592718285722027E-5 0.006330230006845703 1.2061950935174779E-12 2.9854265566772242E-12 0.0035388447024919368 
6.543471773817695E-23 9.725214820790826E-17 7.952220925625897E-24 0.9999668388964401 4.580097222336811E-16 5.403222378430725E-9 3.3114464154216115E-5 2.0368923353513325E-25 6.461203441679904E-20 4.123618262652586E-8 
3.042932319348097E-15 1.8223847968972262E-10 3.830172161828658E-14 0.8974824569808962 2.9743361796473474E-8 0.06432214363586651 0.014656512101328283 2.7258842555758326E-15 4.942034110221116E-8 0.023538807935923552 
7.970698373038402E-26 1.2802531977468548E-7 1.6935742425278973E-20 1.3475692265132333E-8 0.9998710017130663 1.1175069455079963E-19 1.8291330151111856E-6 1.861075569801372E-24 4.552102855242847E-13 1.2702765245130814E-4 
1.7327331430954096E-12 7.009558601064455E-9 4.527914114029401E-13 0.9995347114207558 1.2368317598039808E-11 1.0829682505320035E-7 3.945091761068151E-5 5.570210240546639E-13 1.6524499303011207E-15 4.25722340137409E-4 
1.54967205302568E-8 2.8280626750033804E-11 2.415227375118929E-11 4.2798650666862057E-4 2.179877853461117E-7 2.3077124931072428E-5 0.00212268543658031 2.7181785068506542E-11 1.8016656883219868E-12 0.9974260173658978 
2.248050115224982E-19 4.7596974841139436E-18 2.79360554240398E-20 0.9999999999999996 2.7736858471503966E-22 2.2257956171725035E-18 3.2809701411415953E-16 5.397609597248734E-46 3.9071913788051795E-25 7.346951636812031E-17 
6.493810705823844E-7 0.010140177801478691 8.481667548078521E-5 0.017284113574805724 0.0012677112909361785 0.002068260218979063 3.5032106016324354E-4 1.3166133513489931E-9 0.001021578580460748 0.9677823701000117 
6.344799879399299E-16 3.6083377186825105E-12 9.906677615464616E-16 0.9999991565961851 1.9543953081518042E-15 7.25243177599014E-7 3.27010433970158E-8 1.8090829261649817E-18 2.4808669783206075E-16 8.545598184191338E-8 
5.2637417059135135E-33 5.0332059731943224E-30 6.677746124603184E-32 0.9301436581643461 9.118999700066282E-23 1.6412962438332791E-6 0.06982961678988558 6.938016046073351E-32 2.635253966661789E-25 2.5083749524329314E-5 
1.9698692112858693E-15 4.474336740125453E-8 9.387327552419824E-11 5.881434188991576E-6 0.22597586451848659 1.1910815128166372E-8 0.772874603821307 2.5025009063444757E-12 1.5978475388951273E-5 0.0011276150000680309 
2.7758571555608313E-22 3.4086500097360545E-15 6.410422361919113E-22 0.051243541698239255 5.689307342641415E-9 3.299735643775856E-10 0.9487464074978864 6.377843562591643E-23 2.7757725703759953E-14 1.004478456223871E-5 
9.411037835698982E-46 5.718671412050192E-35 3.708372248293443E-43 2.8023285725241622E-15 4.058230241685683E-30 0.9999999999999971 1.038218117826531E-21 2.9900090726710392E-37 5.172912991342436E-31 7.67131879256684E-27 
2.0057852210934215E-30 2.2262384466597728E-23 4.3078667888361105E-29 1.3101236827557838E-5 5.8813812527104435E-19 0.9999838539626469 3.043438512282299E-6 1.306983089496958E-18 4.6667005979666195E-19 1.3620132247323485E-9 
2.4470893325714612E-26 9.397889017805123E-18 7.315767501517837E-20 1.949738756601231E-11 0.07450983125996802 1.1353324064798288E-19 0.9116623399407254 1.6522751934799622E-23 0.013798415808152501 2.941297165653903E-5 
1.3322305708426993E-26 2.2264412803613364E-20 3.31072780758332E-23 6.91134239832354E-13 8.466806089438337E-17 0.9999999999864351 1.1874564327710644E-11 5.71471615675077E-20 4.170873463946144E-14 9.574177031839366E-13 
2.5237586934217714E-15 8.305291060320908E-6 4.709985931142214E-13 0.999161685491562 4.610809407987251E-9 3.344007618832812E-8 5.69369488204651E-4 3.3939424100510814E-17 2.6058849005362945E-10 2.6060141722545536E-4 
2.4614211177809043E-7 1.5294286466143836E-6 2.6884797722272575E-8 0.016266707366535075 2.4240744049795933E-6 0.9813762258102513 0.001696796640901876 1.1602960624027344E-6 1.1306377216470416E-5 6.435769790719347E-4 
5.78642794459767E-40 7.386631977983877E-31 8.062182961742704E-36 0.037832902042955155 2.344515727265809E-19 1.7640197726680784E-9 0.9617820360966198 3.4030685091351996E-35 2.3301671605297734E-26 3.850600964052886E-4 
0.002581883992725049 0.08712498332867169 0.13487640288979735 0.5044930754984841 0.09194936345220778 0.006384330544252563 0.030454631222266187 4.869880572624243E-4 0.0034267939969018497 0.138221547017431 
1.9445585085314977E-6 0.1768148410704804 4.3274300207824324E-5 0.5940833051744551 3.203339366725873E-5 0.2234727384332329 0.003969703924891311 1.012720406266439E-6 1.8790520082519004E-4 0.001393241223325105 
6.462053822068066E-31 1.700557960763277E-26 1.367763930668852E-29 1.7900266357432997E-14 2.878449306625321E-9 1.4558939901388345E-21 0.9999999958851943 2.3491327685397058E-29 3.5143987560571745E-16 1.2363381376382015E-9 
3.8067516718472313E-31 2.2475560704003737E-16 3.2019805498321666E-23 0.8972363608765639 2.3215436777365894E-16 0.1027631479244434 4.87301567655672E-7 8.327746406121733E-18 3.897221158292891E-9 2.0322636392776393E-13 
3.6526311830827184E-9 4.98739744217087E-9 3.3084870218529267E-9 0.002026381932317756 1.4829712656812847E-5 0.018475836118845197 0.9616116909683071 9.9156003511727E-12 4.606038491365182E-5 0.01782518892452821 
1.367330080821115E-24 2.302495189963734E-20 1.5426818131381528E-26 0.9999815279825528 5.842587907920863E-18 7.34877677684162E-6 1.1121480382339314E-5 2.2460018739990364E-23 2.584932086720356E-21 1.7602879740731856E-9 
8.394466180346872E-15 2.5554490753952116E-12 6.332016335789225E-12 9.927738704888267E-10 0.005155043223961606 5.203285380301837E-4 0.9914738460378063 4.3832177376097776E-17 0.00285056972798718 2.1147054493472218E-7 
1.0541223039086829E-36 5.105704846851733E-25 3.5537026106779438E-31 0.0031473095469449408 6.114226040019363E-22 0.996852690322289 1.3076615691221432E-10 3.8721210241768596E-28 1.435426302036533E-17 1.2278583825389511E-17 
6.8005400398866484E-18 8.415753392197714E-14 2.7111299712832617E-15 1.1373687097189599E-4 1.5305968678713282E-4 2.5680551017763973E-6 0.9971148570969691 2.727579775384697E-19 1.2019085399398385E-4 0.002495587436089147 
3.5909703351595456E-20 3.739351438327548E-6 2.5210274273118344E-12 1.5160225861018932E-10 4.224649275421678E-8 0.999995794559042 4.170974662503235E-14 4.705747247066169E-10 4.149112813450329E-7 8.307005799882825E-9 
2.9972785814446554E-27 1.5536520223104334E-21 3.5756131520535205E-23 7.596242512918035E-9 1.7658932891337584E-12 0.9998947477535859 1.0478907178449652E-4 1.1259865351352608E-24 4.5547966171752165E-7 9.695958798731143E-11 
1.4649454881463685E-11 9.626824381038274E-10 2.0593184212491697E-11 7.940937192481372E-4 1.7845951759309798E-6 4.8189774057684563E-4 0.9966424303206954 1.106081423343405E-11 2.5943730927849902E-6 0.0020771982422250527 
1.4938223428691023E-6 7.479649212277066E-5 3.4958413817172114E-4 0.010028924137882587 0.5373462670389867 0.15237482752879505 0.24040710113597158 4.5199836429030145E-12 0.059322512126809925 9.449357439682334E-5 
8.203553605297391E-18 0.27991991358204266 1.986897131595583E-12 0.7200769487226996 3.1051348104045086E-6 2.976437027146045E-13 2.4128074717631465E-10 1.1655343021438896E-16 6.95778467554643E-13 3.231618611663913E-8 
1.3563617105499426E-18 2.964013210037645E-19 7.19586746934913E-24 0.9997740307909171 2.2719697290352153E-18 3.749727795803541E-5 1.8811343434789845E-4 9.787979819201076E-24 4.1184661795747443E-20 3.584967770304238E-7 
4.465478258826762E-31 1.8916980654872786E-12 9.815075143369794E-24 8.08137557795289E-6 2.0893865898556105E-11 2.131638304562944E-17 3.2433001130420436E-8 1.5308387823299228E-22 4.0911158528203913E-20 0.9999918861686353 
1.7972270115584864E-33 1.124872884595683E-28 3.8237226029417326E-35 0.9999109069453967 1.0167725694967414E-26 8.878307361833474E-5 3.0938230442073723E-7 8.465147609392675E-36 3.790761096802871E-26 5.986804044540954E-10 
3.2371294742873353E-44 1.0328963731201409E-17 1.1293130897735635E-34 2.6089250936999565E-4 1.560143412263372E-16 4.3928814858958165E-14 4.391609560726006E-9 1.3581740781744443E-28 1.494561267086701E-29 0.9997391030989763 
4.5385175426881197E-29 1.4342790285518478E-19 2.1984181240255686E-24 1.947296588154428E-7 1.8403937211980626E-11 2.8501088957275473E-8 0.021941930721875214 7.55355846717513E-22 6.448084879584854E-13 0.9780578460283282 
7.157408999534234E-39 3.756699746434869E-27 4.989968721747209E-32 0.9999992788731666 2.638296981908448E-21 7.958078975010622E-19 7.125049874241693E-7 5.803095745419486E-48 3.419509350464391E-23 8.621845962884053E-9 
6.207425684370063E-15 1.546146404164912E-11 3.4197838768519435E-15 0.999955519338936 6.649160694334455E-14 3.837673516411603E-12 4.435105756893401E-5 1.0343643083517196E-15 1.982012310348634E-19 1.295841186167246E-7 
7.324009172037244E-54 2.6944224955136258E-39 2.810725628103426E-50 0.9999999999999286 9.065185493934588E-42 1.2646664274036284E-24 9.735468983109625E-18 8.589983977421647E-49 5.129744234419002E-54 7.141982047410672E-14 
1.0885366783982672E-7 1.1795069508785271E-4 1.0149767256097978E-5 0.9966657502451431 3.2937309171995464E-7 1.052140703233334E-5 7.249589701127838E-5 2.3353332405155924E-9 6.981343317335396E-7 0.0031219932920449073 
2.810011410805671E-15 3.8667688217674496E-8 4.884706047149613E-10 5.563543654142202E-7 0.022101018133341813 1.2118312011616881E-8 1.883824601593666E-5 6.624172916972438E-12 6.110668337013771E-7 0.9778789249183454 
4.3648506747120687E-13 1.6306505565741289E-9 1.748266874966309E-7 0.9998070335711283 1.9001715016203903E-9 9.122365195518259E-5 9.126796593330587E-5 1.835929645091649E-16 2.6694153141633846E-10 1.0296186095380147E-5 
3.46698793890486E-15 5.282860720225901E-10 2.4680953655117615E-12 0.6960349029090093 2.7016937958699618E-5 5.1263781124242245E-12 0.3039252002564901 3.7788604079903686E-20 2.955195813351231E-7 1.2583841076577403E-5 
0.0 3.536712750772429E-29 0.0 5.6831550198105106E-5 1.235808390684137E-25 3.51311657490442E-21 1.181992630746164E-11 0.0 1.0263068840981277E-37 0.9999431684379819 
2.586843194208525E-22 2.9987388226422823E-19 2.325104084180083E-23 0.6528868485130395 1.2045260302738763E-13 0.002458637040977824 0.28084832881663513 6.170030590005347E-21 2.9843716466118646E-15 0.06380618562922408 
0.014306996392225208 0.5388335603114294 0.11360858265390247 0.231784521493294 0.09218149738757231 0.0012151936751726355 9.573432682996236E-4 1.444082717535352E-6 0.0015220297337347041 0.005588831001652103 
1.8267467711098607E-37 2.8064342257702433E-23 5.863934210531491E-31 4.6645396668149194E-12 1.7306517500973367E-22 0.9999999999953336 7.611525234047617E-18 2.2195556527839184E-18 1.8709615126983094E-15 2.3641820170009167E-18 
8.946020808543009E-11 1.9360865079224166E-6 5.274379225446303E-10 0.9996597428084821 6.397336018805359E-8 1.4577176868478019E-4 1.91729948220665E-4 2.676524693553607E-13 4.3868498048464665E-7 3.1611259804989854E-7 
4.816430889740476E-16 6.547437854688412E-10 1.3628826367331277E-11 0.9981888791233209 4.741650802566599E-15 0.0018111201823343898 4.9875550549964475E-14 2.7319111931857646E-20 7.20979569714974E-15 2.5909699450781576E-11 
2.810011410805671E-15 3.8667688217674496E-8 4.884706047149613E-10 5.563543654142202E-7 0.022101018133341813 1.2118312011616881E-8 1.883824601593666E-5 6.624172916972438E-12 6.110668337013771E-7 0.9778789249183454 
5.312830436462339E-6 0.9993226998849418 1.6666512226127266E-5 2.1689740686540646E-4 3.657444957029843E-4 1.871440329520141E-6 1.117239334174696E-6 6.472544690200705E-5 4.75069028065221E-6 2.1405298063280595E-7 
3.402056563935334E-14 4.041445401901887E-11 1.4102602846712474E-13 0.028987779727802587 4.976630643054742E-8 0.9569491747807234 0.006269237935602219 3.1782183116039393E-15 5.222294081912618E-5 0.007741534808153526 
5.471790779344712E-35 4.4484057784569255E-20 4.310794112957637E-29 6.116501712944904E-11 1.453847924557423E-19 0.9999999999388295 4.612695898775797E-17 3.3104966312857848E-15 2.1399777242395512E-15 1.2732470948172742E-17 
3.1281305890239413E-32 1.2548385773674536E-12 5.9380298447949685E-24 0.9361453194317048 2.7680136193585096E-12 0.05964567618374099 0.004179115201598225 2.3736249836260635E-34 5.922353041653272E-13 2.9889178340732303E-5 
3.6578031623442755E-23 6.271914810845465E-18 1.4492781825973585E-23 0.9999833859806333 8.604129180914291E-24 2.0734479107166313E-9 1.6499596495217927E-5 2.1477370643718986E-24 3.619351482640842E-23 1.1234942361763274E-7 
2.8303168521441704E-54 2.703455954408442E-50 5.902440955176431E-53 3.8741783794879515E-21 2.8786517354534893E-21 2.35313332467427E-40 1.0 2.971355685093089E-46 7.916758575555169E-33 1.4517627329728217E-21 
1.31376834296957E-6 3.2286682407169385E-4 1.7407422958971889E-6 0.8512793725007567 4.1528111618703475E-4 0.01622826033173952 0.0717996006680618 3.301921236817249E-10 2.0977727533499202E-4 0.05974178644301725 
2.597324326052776E-49 8.462315822277726E-27 2.3209248017268194E-42 4.9911668641819115E-5 2.734559317739796E-22 2.1039746445801838E-19 1.7991737916493165E-10 1.5450820527794832E-46 4.846626954845295E-34 0.9999500881514408 
4.5076768752730166E-23 8.455114266852434E-15 1.2591414066495575E-19 0.043105725301743635 3.16370541054579E-10 8.932826447623102E-11 0.9559271927641758 1.3812182586125874E-25 1.6427869176326945E-13 9.670815282089263E-4 
1.1155048844717436E-10 2.4278862530356138E-8 1.9918246015795503E-9 0.9304992173651601 4.441113861760659E-9 2.7245816439402813E-5 4.5791498329445315E-4 1.481716862470514E-16 1.5212676679925645E-10 0.06901559085962777 
7.112472221924556E-6 4.2866134697721746E-5 2.2645301434642544E-6 0.04052050866641457 1.1973866315572942E-4 5.383762750737316E-4 0.03227895058169021 3.0910406197872586E-5 6.835684238609975E-6 0.9264524365861662 
5.471790779344712E-35 4.4484057784569255E-20 4.310794112957637E-29 6.116501712944904E-11 1.453847924557423E-19 0.9999999999388295 4.612695898775797E-17 3.3104966312857848E-15 2.1399777242395512E-15 1.2732470948172742E-17 
6.682207604643662E-17 0.9999415623506306 1.0476902265476214E-7 5.790437525086205E-7 1.4799781909008732E-6 1.0331688001362974E-5 9.340978625707423E-13 1.7973253764803712E-13 4.4842384245586624E-5 1.0997850424535654E-6 
1.499409922377928E-7 0.0023219925325533145 1.1198041334429539E-6 0.4567181618258025 0.438557404201237 0.0014308160614658276 0.08910091506213108 0.0025036539034558 0.0013595839376952877 0.008006202730533537 
1.476790929390702E-36 2.754859151187805E-24 7.009188497194897E-31 4.0483803430314907E-14 5.846046874987319E-22 0.9999999999999596 6.0073708095290256E-18 9.405511118111035E-18 2.839638175487867E-17 1.7433183842439335E-17 
2.810011410805671E-15 3.8667688217674496E-8 4.884706047149613E-10 5.563543654142202E-7 0.022101018133341813 1.2118312011616881E-8 1.883824601593666E-5 6.624172916972438E-12 6.110668337013771E-7 0.9778789249183454 
2.8303168521441704E-54 2.703455954408442E-50 5.902440955176431E-53 3.8741783794879515E-21 2.8786517354534893E-21 2.35313332467427E-40 1.0 2.971355685093089E-46 7.916758575555169E-33 1.4517627329728217E-21 
3.662256000921271E-24 6.496696932137739E-14 2.425758559158763E-18 0.9997216132197592 1.9655897633039948E-14 1.597391203610049E-11 8.273311735494792E-8 4.6041379895700554E-35 9.63821139934577E-22 2.783040310648822E-4 
4.0155674540356756E-20 1.1674885357528095E-7 2.843137486013681E-14 0.1650333161606672 1.2854674736181882E-5 0.017688885272563237 0.048153000357108636 8.956833978576831E-17 6.201420749506775E-7 0.7691112066439678 
2.484988850990983E-54 2.6364559550756778E-40 3.675896860039261E-51 0.9999999999998945 2.817679995618657E-42 1.2259051564345253E-23 3.3737654892171094E-17 1.5644570891012504E-51 1.4133158008102917E-53 1.0549805158907526E-13 
4.057978536228607E-34 7.832380455515658E-12 2.5440558163712896E-23 0.9999999999855717 6.296124078976864E-22 6.594899323831891E-12 2.0828905549158666E-16 5.078986890499501E-42 3.6794636510317574E-21 1.0422828654534167E-15 
1.3197922435240409E-25 1.0138068514637704E-11 1.3232133761291597E-20 0.9999999999898597 1.1038863970311023E-25 1.5139046511176756E-16 2.1421797465990665E-15 3.351741168497491E-34 9.349389280143048E-31 2.2213625866801694E-20 
1.7829162967664025E-4 0.12350755529041857 9.112919958394302E-4 0.8445803921816852 0.004129855215244007 0.004065156543975775 0.011156642573893559 1.2170472195822953E-5 4.883136925038046E-4 0.010970330404567226 
3.4067298970284906E-24 1.3235411242490308E-17 7.320557514623462E-22 1.167981266434284E-11 9.723574898971087E-7 8.816701062755652E-12 0.9999685066312185 3.52727499548701E-24 1.9889630816895408E-7 3.032209448703483E-5 
7.539403911174986E-41 1.2109945932618952E-32 6.633729651119652E-39 4.828829112760836E-15 7.625804552633273E-18 5.983458365626337E-19 0.9999999327072719 6.8908900350774664E-46 7.31038138241617E-19 6.729272326951436E-8 
8.713182281415659E-12 5.124035073451354E-4 4.687405385843847E-12 0.999487020344515 5.688766158075965E-9 1.04813972703077E-7 2.88423066414881E-7 1.459306505376814E-14 6.047770113971732E-10 1.7660414249622588E-7 
1.3450317917474357E-6 0.0051406910670751494 7.26289625713333E-5 0.9420569241756215 7.726502659039616E-4 0.04609814366586809 1.1677039621125913E-5 5.6835742752029034E-8 1.2136731930520411E-5 0.005833746223873799 
8.129212834539076E-24 6.481451281028357E-23 4.024257547261633E-21 3.535295012648419E-8 3.1463080516765816E-9 9.608085490143721E-8 0.9999901328246447 1.2461999069179948E-22 5.590471007580317E-9 9.727004771262902E-6 
1.6892325782008778E-28 6.31636281422617E-23 1.4395256094015652E-25 0.10119405703126787 1.6709094983316432E-18 0.8987924037022038 1.247069994889437E-5 2.166422927142663E-30 8.719922411061682E-15 1.068566570667439E-6 
1.6330076069104564E-6 0.016442615705053704 0.002664262880732811 0.003083773602448717 0.0013822023741423565 5.896802084646882E-8 4.769204800880141E-4 1.5901119383552582E-8 1.86080643619655E-7 0.9759483310001437 
2.714123286432036E-35 8.137487100343812E-30 5.119029145930258E-39 1.5233238541497954E-8 4.896740537720029E-28 0.9999999844365427 2.1643422749352204E-14 5.0349250710813196E-26 7.588277834200374E-32 3.3019714726681605E-10 
0.14054775393386984 0.03496684769232469 9.674065186339571E-7 0.8215907227640258 0.002186622530142019 2.0065174099218973E-9 6.477092574749688E-4 1.393898688298837E-13 7.742950073574452E-10 5.937363469227955E-5 
1.0885790145045199E-36 4.375515450823447E-24 7.426365367981428E-31 3.9941704338254135E-14 7.12179975964456E-22 0.99999999999996 5.6158085204597095E-18 8.49145109741826E-18 3.995369964107176E-17 2.617433631560164E-17 
1.448079117751791E-24 1.4876108431240296E-9 1.905312137719529E-18 0.7214386335836569 2.467612810030404E-7 0.27310764656583036 0.00542134635982401 6.755183960013689E-29 1.7428944695505285E-7 3.1950952349767756E-5 
6.326154563135068E-14 3.6850932932412316E-11 9.124289793946566E-12 4.568789042715309E-5 5.2330626830941335E-5 9.892971509505538E-6 0.9997270239878433 9.439376476889217E-12 8.279720312703052E-8 1.6498167070800855E-4 
2.0495382279567457E-24 1.79027251265713E-16 6.2471720193864526E-21 5.638713011068061E-6 5.287848975850689E-11 4.783493112865836E-7 0.9686976912633886 1.590993473704313E-22 4.993968739976127E-13 0.03129619162091088 
1.1378254759485079E-27 3.7275173242120587E-20 6.989714474153972E-25 1.9752193784672364E-7 1.5541439747785373E-12 5.4442108789644526E-8 0.9994829121933455 4.851656174498662E-26 3.913910968268522E-14 5.16835841014538E-4 
4.1002380250933475E-16 1.6937116514735003E-4 9.588668069363583E-14 0.9998306190017415 4.604793117020881E-10 9.999169012952506E-19 9.342801168511197E-9 2.7988067492049023E-20 2.9336717199625793E-19 2.9734362699727766E-11 
1.142710106640681E-19 2.5587111612569417E-14 2.0860155131108914E-18 5.266955156565391E-6 8.993997871224248E-9 1.5355719033196415E-9 8.307365982625174E-10 1.0476881404382337E-17 3.626453391260005E-13 0.9999947216841488 
3.7452432322325756E-10 1.4145663006652798E-7 2.3339874505227816E-9 0.0797629172296243 3.7611773060390404E-5 5.0671911848953844E-5 0.5761263308780306 3.1613577648902958E-9 2.4459165892642866E-7 0.3440220762892774 
1.441692359489566E-14 2.0786736045692598E-8 1.633084859343672E-10 0.9993468107103262 2.0785424781685524E-10 1.1057748488323508E-6 3.093906510803336E-4 1.846227473935881E-17 6.15680443966165E-13 3.4267170521593145E-4 
2.1512641322283366E-27 1.1672543527659939E-17 2.585518217065231E-20 3.7749290658565176E-5 7.668350636873838E-9 5.112542576959373E-13 0.9985621315832556 3.13092396929899E-23 1.1571052726074066E-11 0.0014001114456528325 
9.629226420297612E-13 5.780288198974723E-4 5.087128087510618E-8 0.19505497813321176 0.021435305598881342 1.9009252843537526E-6 0.015679704992913282 3.607017070504741E-10 2.446958585649648E-4 0.7670053344383013 
1.2413366151463633E-13 2.960232754317525E-7 7.81197975388295E-10 0.9999085362150877 6.697498383353375E-11 9.046315546914621E-5 4.2263224460555217E-7 1.1622775013050092E-16 5.395769600672441E-13 2.811250864570049E-7 
1.1936659471423337E-37 7.564597609352072E-21 6.0184738528654706E-33 0.9999999970144601 1.9427366950973266E-25 1.831338064467439E-12 2.218588732326228E-9 5.954158139309026E-50 1.185282566815493E-20 7.651198914218228E-10 
4.5493563695083884E-29 1.6634560829948697E-16 7.434542772893198E-25 0.9999999063221076 1.1108003522768005E-19 7.140603428463655E-11 7.614807790817586E-8 7.982985180719101E-42 1.5790219303262953E-16 1.7458408267925032E-8 
5.471790779344712E-35 4.4484057784569255E-20 4.310794112957637E-29 6.116501712944904E-11 1.453847924557423E-19 0.9999999999388295 4.612695898775797E-17 3.3104966312857848E-15 2.1399777242395512E-15 1.2732470948172742E-17 
6.81056607573241E-9 7.758311666411086E-5 6.612319885300817E-7 0.18449623413988336 0.0027570661661500424 0.6572992158653601 0.129608082664297 2.990515622183582E-10 8.384341373326794E-4 0.024922715568706524 
1.8188914769681357E-10 2.1841365735955247E-6 2.435241648490898E-8 0.02645042628856549 0.010743488792454053 0.005456989686705937 0.9483802412774835 4.26108068861626E-11 3.768558753868573E-4 0.008589789365914086 
1.2024603572443515E-21 1.0479161894727397E-19 3.254376214593993E-20 7.45193362801418E-5 3.5792581117257325E-18 0.9999254298486323 5.053300282445842E-8 1.4024453192500668E-22 5.876258810310162E-14 2.820258902656235E-10 
6.828633449068005E-29 4.2166785092435376E-20 2.662346982324134E-26 1.6375948085916905E-9 8.87924494311494E-9 7.84949980577654E-13 0.9997367912833957 3.3920310002402E-20 4.033501128203952E-14 2.6319819893905617E-4 
7.016726384701799E-13 1.1592130793105939E-11 2.1629944958513888E-12 0.0446794226921438 4.400183971625035E-10 0.9225616503832581 0.03244010370227912 2.4204166033763327E-17 3.9958120405589464E-6 3.1482695580334905E-4 
3.130986554558203E-10 1.7996721437553814E-8 2.554617237048209E-9 0.0064544809883980165 3.685145909456641E-5 0.7922970233172578 0.19949202233088775 1.0484879659658282E-13 0.0016846603776024646 3.494066221734666E-5 
8.172243244138145E-44 5.6010493010380735E-34 3.7351931440977204E-38 8.769633589383792E-18 9.833724739821522E-33 1.0 7.070981746885453E-21 9.852151365932075E-31 1.1887912707298832E-24 1.3826996712766057E-26 
1.3075723560599962E-17 3.956815756547509E-15 1.6776231863418102E-14 1.7659655302892866E-9 0.0023218375419710034 0.3484415511047261 0.004742843378848808 1.330345697989911E-15 0.6443853370220218 1.0842918644472578E-4 
4.869874298969879E-10 0.9948987344203502 3.077507904292099E-7 0.004893095414552645 8.906333240908508E-6 7.778679821273138E-9 4.02213361975676E-6 2.3722054167429067E-14 9.510902690869966E-5 9.981665484634941E-5 
3.3165469392602934E-14 0.02962885984979241 4.561662749279457E-13 0.9703711400352422 4.1097290413323005E-13 2.974859704199926E-11 5.4654465385283396E-11 5.683014361871681E-16 4.001352807413538E-14 2.962143465185752E-11 
4.6408273045657364E-10 7.406219124597385E-4 1.7917143036037428E-7 0.0470295680667437 1.7577637894295513E-5 0.499911058895589 0.1443488424405687 2.4517378000139155E-10 0.19027506711321943 0.11767708405283815 
1.992244524449457E-12 2.0007185168349745E-8 1.3069771233151011E-11 0.038678825111622774 3.1507169128595596E-7 0.7210448369112278 0.22332271727021205 1.6438690560903823E-11 0.006896927573419846 0.01005635802314032 
6.217167122178064E-24 1.0892128702905583E-11 5.543884028902398E-16 1.5676071789599197E-7 1.6786079974074487E-15 0.005566835740952463 1.0144542778142149E-15 2.0703548345946718E-17 0.9944330074874344 3.188059450460044E-19 
2.5485439115189854E-24 2.1607228498995022E-10 7.725061208172924E-20 0.9999986489252186 2.027201775561278E-9 3.8080681765497245E-18 1.3362700090900879E-6 9.919729927418395E-26 7.772674626591172E-16 1.2561497442678687E-8 
4.304639066865774E-32 1.9173281028109757E-20 2.907986565423283E-25 8.161954709979437E-5 9.731576432486042E-14 0.9990035401730321 3.627240309651467E-7 2.46677293335557E-27 1.5337940294313448E-14 9.144775557244463E-4 
2.9706800743795458E-8 0.4697118280055688 1.6266410278661525E-5 0.4889715664888492 9.228046197420472E-4 0.0022825959121009864 0.001395192602652123 0.003231127802729458 2.4373821431214395E-8 0.03346856407745645 
5.8906688962818765E-6 0.16667812901139314 1.3006508748229614E-5 0.30280166394026653 0.029559440872335457 0.173176905980091 0.0018294108636314347 2.886647057768435E-7 0.015099527943025989 0.31083573554690613 
2.3493208672294667E-8 0.0012890497118558594 1.9096720470790783E-7 0.14588210409652344 8.42791330178566E-5 0.0010167478378637182 0.02852830113466462 4.6409599983607697E-7 1.3741047606838733E-5 0.8231850984820546 
2.096291260035264E-14 6.514312994999093E-8 1.0546735395740641E-11 0.003253941325598181 3.819956691420383E-6 1.5230785558363742E-6 4.668791895813003E-5 8.445561858564484E-12 1.7578643446608847E-9 0.9966939608001889 
2.240795486775003E-8 6.881990523742318E-5 1.0998004074493168E-6 0.35204364969839647 0.0025008819953601185 0.057533732259478144 0.007742377825201762 4.899840910832417E-6 9.130954110474214E-4 0.5791914208560054 
7.09028853517466E-4 0.0501550638624387 0.002078369309232963 0.11270101846412334 0.02112421930645552 0.1381895814229539 0.08573276386237029 0.0019561673580871615 0.01664201247024974 0.570711775090571 
1.314733361321374E-27 1.073304571744745E-15 1.347591488423432E-23 0.03807818885980319 1.914388574674183E-15 9.630369567022528E-11 9.295370366616727E-6 5.597790575567534E-19 2.34285970187377E-21 0.9619125156735235 
2.7729983070303205E-10 0.06034877527578794 1.6810234652472682E-7 0.17466785759181022 0.0070279848623639425 0.05617934242856615 0.022963191673141512 1.2356662977364514E-11 5.2559584866430944E-5 0.6787601201914608 
3.405663245122019E-15 0.034051977319741494 5.322508982699156E-10 0.05222184906598931 0.26328799387658003 0.1847869316857927 0.0036093946829928365 2.620633834494099E-8 0.4394997690754913 0.022542057554819795 
0.0061905773080444815 0.025564514854470352 0.007107041780866264 0.3172809212440054 0.04580344432392966 0.04397823974356457 0.2416229950650049 9.940545674916156E-4 0.005513007281275625 0.30594520383134727 
6.101314495814583E-16 2.5280044201730436E-7 9.902320140452185E-14 0.9997200349676554 1.4025129531909928E-10 8.786903571077953E-10 3.3943903715641075E-7 1.487216719322805E-21 2.4261304603554068E-12 2.793717713980905E-4 
6.6660351118404695E-6 1.8215414621575672E-4 4.1072023911186916E-5 0.05195822334547811 1.8935817202038043E-4 0.8446308090083794 0.00265863692183038 1.405259327034115E-4 2.3019564565830213E-5 0.1001695348497838 
3.597335444073452E-16 1.2113353197689671E-14 1.3461292614132536E-16 2.0557819064590232E-8 1.2363683371992948E-15 0.9999999768041191 8.337218366110233E-11 1.899241159443968E-14 1.0228706951473889E-15 2.554655741636289E-9 
7.914384573224384E-7 2.156350221842103E-4 3.663364614856403E-5 0.8702315030616037 0.033599819365431466 0.0032165596269083927 0.07130427277828272 8.077325930706239E-7 0.005987517420398604 0.015406459907991837 
1.7628699808730455E-20 9.131926897031612E-20 1.3608625578413872E-17 3.4751240007973274E-7 8.112568849338398E-9 3.3528996173995594E-12 0.9999996432912619 6.4368263281533725E-27 6.6168956916370474E-12 1.073799353720098E-9 
3.2930617813248896E-7 4.317747543996526E-6 8.94868451893186E-6 0.05966306133324531 0.009446071612150718 1.31151229464077E-4 0.7939199202747531 6.222890232328765E-6 3.0263476146167844E-5 0.13678971344576732 
1.8025330425371076E-15 1.0793530508008506E-14 1.5282441724675784E-15 7.360020213521021E-5 1.6483120552450884E-8 3.233977551624589E-5 0.9998786727275029 2.1182456991378142E-17 1.7437432549593174E-10 1.5370637336572915E-5 
2.6787289702628495E-13 6.0603270672898045E-12 2.4312273412412693E-13 3.8189750956918813E-4 1.2583032323977306E-6 1.5736368784026328E-4 0.9993375355282483 5.234550684408545E-16 2.5229462077416177E-7 1.2169266991705705E-4 
9.858338316221114E-43 9.867935773006782E-37 5.470825766326793E-44 4.082805172659517E-5 7.773206990230011E-30 0.9999518658941582 3.068941778356219E-10 3.316425872702069E-35 7.994802609702012E-28 7.305747221003707E-6 
1.0986725103633581E-15 3.1234097154406087E-9 7.924308170541775E-15 0.9999282782121625 1.991727877461817E-9 5.313115614184526E-6 3.970293049215358E-5 9.917657771858243E-17 1.2460734514615553E-11 2.67006141238142E-5 
8.587761110290124E-21 1.355304319324019E-19 1.4220883419705732E-19 5.638183027902129E-9 1.794739875628418E-8 0.974542706636851 0.017085332755810933 1.520915584566574E-13 0.0083705223235744 1.4146980298381092E-6 
1.9502607568460113E-31 5.981772352067216E-22 3.296964829120737E-29 2.2319987446007303E-4 6.0505386183895845E-18 3.4265034918360147E-13 2.971971109504789E-11 4.0564979390550153E-23 3.8895128121955536E-25 0.9997768000954775 
2.8752318097230256E-61 4.4063101463440375E-35 6.335103250317167E-50 0.999999998350307 1.9784266562500485E-30 1.4655875166356063E-18 1.6206672772930678E-9 1.291377720023293E-58 2.0358746503614587E-39 2.9025859414129224E-11 
3.1194654890808045E-8 7.524934389969883E-6 1.209536361075407E-6 0.015016708257104354 3.04986263103615E-4 6.256849269505651E-4 0.0012381596640973272 1.0650054476750097E-8 9.044151573563188E-5 0.9827152430575482 
2.741357037719529E-34 1.4295609798869609E-27 1.0750463942896846E-30 0.9999999997151642 2.819124539228969E-20 1.765960386479258E-19 4.634510118387194E-13 6.771244487159962E-43 4.9401850243563917E-26 2.84372327995791E-10 
2.0345593976443245E-5 0.006549732397464151 3.7042203170080536E-4 0.7049138937340262 0.030353338421693778 0.16073945505674683 0.0849696724631775 1.0942299205378331E-5 6.080565460407922E-4 0.011464141455968134 
1.5759315169055623E-20 7.348975329960421E-17 1.1892705187041457E-15 0.9798008961877847 5.082390253257893E-8 2.231536923259707E-7 6.033935957963922E-6 3.7860485936340416E-23 1.492042451974895E-12 0.020192795897169206 
2.354648989490183E-22 1.347508477310208E-19 1.2197751148572061E-20 1.805254984516244E-11 2.778473951479406E-6 4.483045300063918E-16 0.999997187247991 9.868973969775601E-18 2.0445906820947247E-11 3.423955860077624E-8 
5.043416344261483E-34 2.93250216762398E-30 2.3215372018631827E-34 0.9952970340262192 5.059429650338729E-26 0.0046745391527861935 2.842682036917094E-5 2.810558171957218E-28 1.6864582605773093E-27 6.25503806226719E-13 
2.2118933055126305E-24 6.848572487066476E-19 6.635084255528089E-20 3.1444886698304633E-6 1.101667741403649E-15 0.9999967902967435 5.8487892688262775E-8 9.318479612231883E-33 1.3304931631353702E-12 6.725362335199347E-9 
1.7986105221941662E-43 3.1664510246567124E-36 4.605493159790612E-34 3.2189663698213973E-12 1.8331714247296808E-11 8.117776213058104E-13 0.9999998608289059 1.2569447429936097E-44 3.422558707923729E-11 1.3911450603017435E-7 
4.3671449226390555E-33 1.1470375352393559E-24 5.746784008618727E-29 1.048736913874379E-12 8.069440805237896E-19 0.9999999261889453 9.878217525565365E-12 4.878673282954318E-37 7.379810371263473E-8 2.0240488857291168E-12 
1.3157605846032503E-17 1.4166920602937774E-9 9.041037636779614E-15 2.529882017544247E-6 0.9979287747788377 7.325230817561515E-14 0.002066596780991938 7.185977349159016E-17 1.6330133301909049E-6 4.6412804830757797E-7 
2.1734683021289055E-8 2.975253873399498E-6 1.1669273514790262E-7 1.5141294866681277E-4 6.175397951870042E-6 0.003947252448530957 9.205750091488917E-4 5.390875014660017E-10 2.0544046315037145E-5 0.9949509259290074 
1.9057296352378357E-22 2.3287652520796412E-17 1.2598734485361401E-17 3.1655613277700066E-7 4.497856617136249E-7 3.579552658553116E-8 0.12626852851899756 4.530359232230951E-34 0.8737203765164415 1.0292827239786641E-5 
2.50714061537909E-7 3.698598095218697E-4 4.051182632890285E-7 0.9743084207697226 2.5786237063452185E-5 7.961281385010929E-5 0.022130031760436753 1.7945386796723765E-10 6.092536836802598E-5 0.0030247072292584262 
2.5642160353299937E-11 3.2815527098412786E-5 1.2644087879787439E-8 0.964290057379274 5.3426850049061766E-5 3.760073531480012E-4 0.014286803666096779 1.0897910834415719E-11 2.6743226916528737E-8 0.020960849800478843 
7.234827129478727E-41 1.1285635004638677E-29 1.0058514595407169E-32 0.992026760148669 1.114476987316842E-19 2.4509977054810176E-4 0.0011213908998664029 3.1647192498579644E-40 1.4164508342790003E-19 0.006606749180916584 
4.012010801303339E-25 2.6829978281042317E-19 1.2549206796001097E-22 4.793098881376396E-4 8.13754301610447E-8 1.4091110070368927E-17 0.9969315730996652 3.985574521908257E-18 6.789321708255506E-15 0.002589035636760247 
3.747700881291282E-30 1.0447275330855178E-16 1.3988773273305072E-21 0.9996715450812315 6.662161239676071E-13 6.849926968730325E-8 1.416230105777374E-7 6.239371636182132E-24 1.5346607824392717E-18 3.282447958218124E-4 
5.4004299751638184E-33 2.0332308489387326E-14 1.0029033270457643E-22 0.9999719955866062 4.1990230106310085E-14 1.3593801678941626E-12 1.2210240776227216E-12 6.529293805694436E-26 7.093243714614599E-22 2.8004410750881616E-5 
3.657296916060442E-5 0.002395830590919038 9.477241076374661E-7 0.5990714373383856 0.03602392214703863 7.51309378863691E-4 0.3614250599415925 7.613324168485201E-8 9.733587829688798E-5 1.9750789839366258E-4 
1.1984482812574016E-8 2.7187511865316203E-7 8.498019151169136E-8 0.5413339775782634 8.369865453083165E-6 3.421884747134232E-4 0.4470118521804418 3.400323691941112E-10 6.219353697790319E-7 0.011302620785933302 
2.7121082735170717E-37 1.0014193785205728E-21 3.9373019082080945E-23 2.2854525049093965E-18 0.9999600697285678 2.009690119116898E-15 3.980554516231365E-5 1.4277982047857468E-32 1.2472623205799796E-7 3.584307608871538E-14 
2.495639662256461E-19 1.5226619505918851E-15 2.872940816829944E-14 5.155905822123032E-9 3.0069826622453403E-7 0.9992621259271405 6.347910481251303E-4 3.4219252598560295E-16 1.021232141272178E-4 6.53956404564881E-7 
1.7974394228101194E-28 2.7293288577425486E-20 6.280030551304146E-22 1.4150378535207422E-12 4.132588018961436E-8 0.9999995564129673 9.303027659945307E-8 4.753797441909607E-22 1.8639214486475567E-7 1.2283731584432674E-7 
1.0005721669739399E-11 2.4478946005675226E-8 6.141110673545759E-9 6.0643658214999556E-5 1.4159687294269104E-6 0.9995002487175889 1.9072556476177615E-4 3.6478203636009593E-10 8.442701574766529E-7 2.460908257027239E-4 
1.7761226039335143E-18 1.9518779507195352E-12 2.0985159390512564E-14 5.9567789301156094E-9 1.6261495171986448E-4 0.999211281026724 2.7881073585276594E-5 1.9332060942722854E-14 4.0018044062662094E-4 1.9803654857314797E-4 
3.99962531527018E-43 2.14074179412038E-33 8.13371810899775E-38 1.70812677473729E-17 5.602082725920674E-22 0.999999999997507 2.4926669843891837E-12 2.7660197101568367E-31 3.3252642789981906E-25 3.927444906758392E-16 
0.0 0.0 0.0 0.0 0.0 0.999999999993792 5.158422387639598E-12 0.0 1.0497090106677116E-12 0.0 
