0.0125 0.1375 0.0125 0.0125 0.0125 0.0125 0.0125 0.0125 0.0125 0.0125 0.0125 0.0125 0.6375 0.0125 0.0125 0.0125 0.0125 0.0125 0.0125 0.0125 
0.12142857142857141 0.002380952380952381 0.4547619047619048 0.002380952380952381 0.002380952380952381 0.07380952380952381 0.002380952380952381 0.002380952380952381 0.3119047619047619 0.002380952380952381 0.002380952380952381 0.002380952380952381 0.002380952380952381 0.002380952380952381 0.002380952380952381 0.002380952380952381 0.002380952380952381 0.002380952380952381 0.002380952380952381 0.002380952380952381 
0.16136363636363635 0.002272727272727273 0.07045454545454545 0.002272727272727273 0.002272727272727273 0.002272727272727273 0.002272727272727273 0.002272727272727273 0.002272727272727273 0.002272727272727273 0.025 0.002272727272727273 0.22954545454545452 0.002272727272727273 0.1159090909090909 0.002272727272727273 0.002272727272727273 0.002272727272727273 0.36590909090909096 0.002272727272727273 
0.6368421052631579 0.005263157894736842 0.005263157894736842 0.005263157894736842 0.005263157894736842 0.005263157894736842 0.1631578947368421 0.005263157894736842 0.005263157894736842 0.1105263157894737 0.005263157894736842 0.005263157894736842 0.005263157894736842 0.005263157894736842 0.005263157894736842 0.005263157894736842 0.005263157894736842 0.005263157894736842 0.005263157894736842 0.005263157894736842 
0.4263157894736842 0.005263157894736842 0.005263157894736842 0.005263157894736842 0.005263157894736842 0.005263157894736842 0.005263157894736842 0.005263157894736842 0.005263157894736842 0.005263157894736842 0.005263157894736842 0.005263157894736842 0.4789473684210526 0.005263157894736842 0.005263157894736842 0.005263157894736842 0.005263157894736842 0.005263157894736842 0.005263157894736842 0.005263157894736842 
0.4789473684210526 0.005263157894736842 0.005263157894736842 0.005263157894736842 0.005263157894736842 0.005263157894736842 0.05789473684210527 0.005263157894736842 0.005263157894736842 0.1105263157894737 0.005263157894736842 0.1105263157894737 0.005263157894736842 0.1105263157894737 0.005263157894736842 0.005263157894736842 0.05789473684210527 0.005263157894736842 0.005263157894736842 0.005263157894736842 
0.505 0.005 0.005 0.005 0.005 0.355 0.005 0.005 0.005 0.005 0.005 0.005 0.005 0.05500000000000001 0.005 0.005 0.005 0.005 0.005 0.005 
0.33888888888888885 0.005555555555555556 0.005555555555555556 0.005555555555555556 0.005555555555555556 0.005555555555555556 0.061111111111111116 0.005555555555555556 0.061111111111111116 0.005555555555555556 0.005555555555555556 0.005555555555555556 0.061111111111111116 0.17222222222222222 0.005555555555555556 0.005555555555555556 0.22777777777777775 0.005555555555555556 0.005555555555555556 0.005555555555555556 
0.719047619047619 0.004761904761904762 0.004761904761904762 0.004761904761904762 0.004761904761904762 0.004761904761904762 0.004761904761904762 0.004761904761904762 0.004761904761904762 0.004761904761904762 0.004761904761904762 0.004761904761904762 0.004761904761904762 0.004761904761904762 0.004761904761904762 0.004761904761904762 0.004761904761904762 0.004761904761904762 0.1952380952380952 0.004761904761904762 
0.4764705882352941 0.0058823529411764705 0.0058823529411764705 0.0058823529411764705 0.0058823529411764705 0.0058823529411764705 0.06470588235294118 0.0058823529411764705 0.0058823529411764705 0.0058823529411764705 0.0058823529411764705 0.0058823529411764705 0.0058823529411764705 0.12352941176470589 0.0058823529411764705 0.0058823529411764705 0.0058823529411764705 0.0058823529411764705 0.24117647058823527 0.0058823529411764705 
0.4263157894736842 0.005263157894736842 0.005263157894736842 0.005263157894736842 0.005263157894736842 0.005263157894736842 0.005263157894736842 0.005263157894736842 0.005263157894736842 0.005263157894736842 0.005263157894736842 0.005263157894736842 0.005263157894736842 0.4263157894736842 0.005263157894736842 0.005263157894736842 0.005263157894736842 0.05789473684210527 0.005263157894736842 0.005263157894736842 
0.505 0.005 0.05500000000000001 0.005 0.005 0.005 0.005 0.005 0.005 0.005 0.005 0.005 0.355 0.005 0.005 0.005 0.005 0.005 0.005 0.005 
0.7214285714285714 0.0071428571428571435 0.0071428571428571435 0.0071428571428571435 0.0071428571428571435 0.0071428571428571435 0.07857142857142858 0.07857142857142858 0.0071428571428571435 0.0071428571428571435 0.0071428571428571435 0.0071428571428571435 0.0071428571428571435 0.0071428571428571435 0.0071428571428571435 0.0071428571428571435 0.0071428571428571435 0.0071428571428571435 0.0071428571428571435 0.0071428571428571435 
0.002272727272727273 0.002272727272727273 0.002272727272727273 0.025 0.002272727272727273 0.09318181818181817 0.002272727272727273 0.002272727272727273 0.025 0.002272727272727273 0.1159090909090909 0.002272727272727273 0.1159090909090909 0.22954545454545452 0.20681818181818182 0.002272727272727273 0.002272727272727273 0.025 0.13863636363636364 0.002272727272727273 
0.44999999999999996 0.005555555555555556 0.005555555555555556 0.005555555555555556 0.005555555555555556 0.39444444444444443 0.005555555555555556 0.005555555555555556 0.005555555555555556 0.005555555555555556 0.005555555555555556 0.005555555555555556 0.005555555555555556 0.005555555555555556 0.005555555555555556 0.005555555555555556 0.005555555555555556 0.061111111111111116 0.005555555555555556 0.005555555555555556 
0.4263157894736842 0.005263157894736842 0.005263157894736842 0.005263157894736842 0.005263157894736842 0.05789473684210527 0.005263157894736842 0.005263157894736842 0.005263157894736842 0.005263157894736842 0.005263157894736842 0.005263157894736842 0.005263157894736842 0.005263157894736842 0.1631578947368421 0.005263157894736842 0.05789473684210527 0.005263157894736842 0.2157894736842105 0.005263157894736842 
0.33809523809523806 0.004761904761904762 0.1 0.14761904761904762 0.004761904761904762 0.004761904761904762 0.05238095238095238 0.004761904761904762 0.004761904761904762 0.004761904761904762 0.004761904761904762 0.004761904761904762 0.004761904761904762 0.05238095238095238 0.05238095238095238 0.004761904761904762 0.004761904761904762 0.004761904761904762 0.1952380952380952 0.004761904761904762 
0.6894736842105263 0.005263157894736842 0.1105263157894737 0.005263157894736842 0.005263157894736842 0.005263157894736842 0.005263157894736842 0.005263157894736842 0.05789473684210527 0.005263157894736842 0.005263157894736842 0.005263157894736842 0.005263157894736842 0.005263157894736842 0.05789473684210527 0.005263157894736842 0.005263157894736842 0.005263157894736842 0.005263157894736842 0.005263157894736842 
0.4263157894736842 0.005263157894736842 0.005263157894736842 0.005263157894736842 0.005263157894736842 0.005263157894736842 0.005263157894736842 0.005263157894736842 0.005263157894736842 0.05789473684210527 0.005263157894736842 0.005263157894736842 0.005263157894736842 0.005263157894736842 0.005263157894736842 0.005263157894736842 0.005263157894736842 0.05789473684210527 0.3736842105263158 0.005263157894736842 
0.08076923076923077 0.0038461538461538464 0.0038461538461538464 0.0038461538461538464 0.0038461538461538464 0.0038461538461538464 0.0038461538461538464 0.0038461538461538464 0.0038461538461538464 0.0038461538461538464 0.0038461538461538464 0.0038461538461538464 0.0038461538461538464 0.38846153846153847 0.0038461538461538464 0.0038461538461538464 0.0038461538461538464 0.0038461538461538464 0.4653846153846154 0.0038461538461538464 
0.009090909090909092 0.009090909090909092 0.009090909090909092 0.009090909090909092 0.009090909090909092 0.009090909090909092 0.2818181818181818 0.009090909090909092 0.009090909090909092 0.009090909090909092 0.5545454545454546 0.009090909090909092 0.009090909090909092 0.009090909090909092 0.009090909090909092 0.009090909090909092 0.009090909090909092 0.009090909090909092 0.009090909090909092 0.009090909090909092 
0.0032258064516129032 0.06774193548387097 0.0032258064516129032 0.0032258064516129032 0.0032258064516129032 0.16451612903225804 0.0032258064516129032 0.0032258064516129032 0.0032258064516129032 0.0032258064516129032 0.06774193548387097 0.0032258064516129032 0.26129032258064516 0.35806451612903223 0.0032258064516129032 0.035483870967741936 0.0032258064516129032 0.0032258064516129032 0.0032258064516129032 0.0032258064516129032 
0.004347826086956522 0.004347826086956522 0.004347826086956522 0.004347826086956522 0.004347826086956522 0.004347826086956522 0.04782608695652174 0.004347826086956522 0.004347826086956522 0.04782608695652174 0.004347826086956522 0.13478260869565217 0.09130434782608696 0.39565217391304347 0.09130434782608696 0.004347826086956522 0.04782608695652174 0.04782608695652174 0.04782608695652174 0.004347826086956522 
0.0030303030303030303 0.0030303030303030303 0.0030303030303030303 0.0030303030303030303 0.0030303030303030303 0.0030303030303030303 0.0030303030303030303 0.0030303030303030303 0.0030303030303030303 0.0030303030303030303 0.0030303030303030303 0.0030303030303030303 0.21515151515151515 0.6393939393939394 0.0030303030303030303 0.0030303030303030303 0.03333333333333333 0.0030303030303030303 0.0030303030303030303 0.06363636363636364 
0.005263157894736842 0.005263157894736842 0.005263157894736842 0.005263157894736842 0.005263157894736842 0.05789473684210527 0.005263157894736842 0.005263157894736842 0.05789473684210527 0.005263157894736842 0.005263157894736842 0.005263157894736842 0.7421052631578947 0.005263157894736842 0.005263157894736842 0.005263157894736842 0.05789473684210527 0.005263157894736842 0.005263157894736842 0.005263157894736842 
0.0015873015873015873 0.0015873015873015873 0.0015873015873015873 0.06507936507936507 0.0015873015873015873 0.17619047619047618 0.08095238095238094 0.0015873015873015873 0.5095238095238096 0.0015873015873015873 0.0015873015873015873 0.0015873015873015873 0.0015873015873015873 0.049206349206349205 0.0015873015873015873 0.0015873015873015873 0.0015873015873015873 0.0015873015873015873 0.09682539682539681 0.0015873015873015873 
0.005555555555555556 0.005555555555555556 0.005555555555555556 0.005555555555555556 0.005555555555555556 0.005555555555555556 0.005555555555555556 0.005555555555555556 0.005555555555555556 0.005555555555555556 0.005555555555555556 0.005555555555555556 0.005555555555555556 0.44999999999999996 0.005555555555555556 0.005555555555555556 0.005555555555555556 0.2833333333333333 0.17222222222222222 0.005555555555555556 
0.8884615384615385 0.0038461538461538464 0.0038461538461538464 0.0038461538461538464 0.0038461538461538464 0.0038461538461538464 0.0038461538461538464 0.0038461538461538464 0.0038461538461538464 0.0038461538461538464 0.0038461538461538464 0.0038461538461538464 0.0038461538461538464 0.0038461538461538464 0.04230769230769231 0.0038461538461538464 0.0038461538461538464 0.0038461538461538464 0.0038461538461538464 0.0038461538461538464 
0.05961538461538462 0.021153846153846155 0.0019230769230769232 0.0019230769230769232 0.0019230769230769232 0.0019230769230769232 0.0019230769230769232 0.0019230769230769232 0.0019230769230769232 0.09807692307692308 0.021153846153846155 0.175 0.0019230769230769232 0.5980769230769231 0.0019230769230769232 0.0019230769230769232 0.0019230769230769232 0.0019230769230769232 0.0019230769230769232 0.0019230769230769232 
0.39444444444444443 0.005555555555555556 0.005555555555555556 0.005555555555555556 0.061111111111111116 0.005555555555555556 0.005555555555555556 0.005555555555555556 0.005555555555555556 0.22777777777777775 0.005555555555555556 0.005555555555555556 0.17222222222222222 0.005555555555555556 0.005555555555555556 0.005555555555555556 0.005555555555555556 0.005555555555555556 0.061111111111111116 0.005555555555555556 
0.004347826086956522 0.004347826086956522 0.004347826086956522 0.004347826086956522 0.004347826086956522 0.13478260869565217 0.004347826086956522 0.04782608695652174 0.004347826086956522 0.004347826086956522 0.2652173913043478 0.004347826086956522 0.39565217391304347 0.004347826086956522 0.004347826086956522 0.004347826086956522 0.004347826086956522 0.004347826086956522 0.09130434782608696 0.004347826086956522 
0.0020408163265306124 0.0020408163265306124 0.0020408163265306124 0.0020408163265306124 0.0020408163265306124 0.16530612244897958 0.0020408163265306124 0.0020408163265306124 0.0020408163265306124 0.0020408163265306124 0.0020408163265306124 0.0020408163265306124 0.4102040816326531 0.0020408163265306124 0.36938775510204086 0.0020408163265306124 0.0020408163265306124 0.0020408163265306124 0.022448979591836737 0.0020408163265306124 
0.14137931034482756 0.14137931034482756 0.003448275862068966 0.003448275862068966 0.003448275862068966 0.07241379310344828 0.003448275862068966 0.003448275862068966 0.4517241379310345 0.003448275862068966 0.03793103448275863 0.003448275862068966 0.003448275862068966 0.003448275862068966 0.07241379310344828 0.003448275862068966 0.003448275862068966 0.003448275862068966 0.003448275862068966 0.03793103448275863 
0.030555555555555558 0.002777777777777778 0.030555555555555558 0.030555555555555558 0.002777777777777778 0.002777777777777778 0.002777777777777778 0.002777777777777778 0.22499999999999998 0.002777777777777778 0.3638888888888889 0.002777777777777778 0.08611111111111111 0.19722222222222222 0.002777777777777778 0.002777777777777778 0.002777777777777778 0.002777777777777778 0.002777777777777778 0.002777777777777778 
0.002272727272727273 0.002272727272727273 0.002272727272727273 0.025 0.002272727272727273 0.025 0.002272727272727273 0.002272727272727273 0.002272727272727273 0.002272727272727273 0.8204545454545454 0.002272727272727273 0.07045454545454545 0.002272727272727273 0.002272727272727273 0.002272727272727273 0.002272727272727273 0.002272727272727273 0.025 0.002272727272727273 
0.0035714285714285718 0.0035714285714285718 0.0035714285714285718 0.0035714285714285718 0.0035714285714285718 0.0035714285714285718 0.0035714285714285718 0.0035714285714285718 0.03928571428571429 0.0035714285714285718 0.0035714285714285718 0.0035714285714285718 0.8964285714285715 0.0035714285714285718 0.0035714285714285718 0.0035714285714285718 0.0035714285714285718 0.0035714285714285718 0.0035714285714285718 0.0035714285714285718 
0.00196078431372549 0.00196078431372549 0.00196078431372549 0.00196078431372549 0.00196078431372549 0.296078431372549 0.09999999999999999 0.00196078431372549 0.3941176470588236 0.00196078431372549 0.00196078431372549 0.00196078431372549 0.00196078431372549 0.00196078431372549 0.060784313725490195 0.00196078431372549 0.00196078431372549 0.00196078431372549 0.1196078431372549 0.00196078431372549 
0.0911111111111111 0.2911111111111111 0.0022222222222222222 0.0022222222222222222 0.0022222222222222222 0.0022222222222222222 0.0022222222222222222 0.0022222222222222222 0.18 0.0022222222222222222 0.20222222222222222 0.0022222222222222222 0.06888888888888889 0.06888888888888889 0.0022222222222222222 0.0022222222222222222 0.024444444444444446 0.0022222222222222222 0.0022222222222222222 0.04666666666666667 
0.005 0.005 0.005 0.155 0.005 0.155 0.005 0.005 0.05500000000000001 0.005 0.005 0.005 0.005 0.255 0.005 0.005 0.005 0.005 0.305 0.005 
0.014285714285714287 0.15714285714285717 0.014285714285714287 0.014285714285714287 0.014285714285714287 0.014285714285714287 0.014285714285714287 0.014285714285714287 0.014285714285714287 0.014285714285714287 0.5857142857142856 0.014285714285714287 0.014285714285714287 0.014285714285714287 0.014285714285714287 0.014285714285714287 0.014285714285714287 0.014285714285714287 0.014285714285714287 0.014285714285714287 
0.02 0.0018181818181818182 0.0018181818181818182 0.0018181818181818182 0.0018181818181818182 0.18363636363636363 0.02 0.0018181818181818182 0.27454545454545454 0.0018181818181818182 0.0018181818181818182 0.0018181818181818182 0.2927272727272728 0.038181818181818185 0.14727272727272728 0.0018181818181818182 0.0018181818181818182 0.0018181818181818182 0.0018181818181818182 0.0018181818181818182 
0.011111111111111112 0.011111111111111112 0.12222222222222223 0.011111111111111112 0.011111111111111112 0.011111111111111112 0.011111111111111112 0.12222222222222223 0.011111111111111112 0.011111111111111112 0.011111111111111112 0.011111111111111112 0.12222222222222223 0.12222222222222223 0.011111111111111112 0.011111111111111112 0.011111111111111112 0.011111111111111112 0.34444444444444444 0.011111111111111112 
0.01 0.01 0.01 0.01 0.01 0.01 0.01 0.01 0.01 0.01 0.01 0.01 0.01 0.61 0.01 0.01 0.01 0.01 0.01 0.21000000000000002 
0.0029411764705882353 0.0029411764705882353 0.0911764705882353 0.0029411764705882353 0.03235294117647059 0.0029411764705882353 0.0029411764705882353 0.0029411764705882353 0.2676470588235294 0.0029411764705882353 0.0029411764705882353 0.0029411764705882353 0.17941176470588235 0.0029411764705882353 0.3852941176470588 0.0029411764705882353 0.0029411764705882353 0.0029411764705882353 0.0029411764705882353 0.0029411764705882353 
0.002127659574468085 0.002127659574468085 0.002127659574468085 0.002127659574468085 0.002127659574468085 0.10851063829787233 0.002127659574468085 0.04468085106382979 0.002127659574468085 0.002127659574468085 0.725531914893617 0.04468085106382979 0.02340425531914894 0.002127659574468085 0.02340425531914894 0.002127659574468085 0.002127659574468085 0.002127659574468085 0.002127659574468085 0.002127659574468085 
0.0058823529411764705 0.0058823529411764705 0.06470588235294118 0.0058823529411764705 0.0058823529411764705 0.0058823529411764705 0.0058823529411764705 0.0058823529411764705 0.1823529411764706 0.06470588235294118 0.06470588235294118 0.0058823529411764705 0.4764705882352941 0.0058823529411764705 0.06470588235294118 0.0058823529411764705 0.0058823529411764705 0.0058823529411764705 0.0058823529411764705 0.0058823529411764705 
0.004347826086956522 0.004347826086956522 0.004347826086956522 0.004347826086956522 0.004347826086956522 0.004347826086956522 0.004347826086956522 0.004347826086956522 0.004347826086956522 0.004347826086956522 0.004347826086956522 0.004347826086956522 0.8739130434782609 0.004347826086956522 0.004347826086956522 0.004347826086956522 0.004347826086956522 0.04782608695652174 0.004347826086956522 0.004347826086956522 
0.002777777777777778 0.030555555555555558 0.11388888888888887 0.002777777777777778 0.002777777777777778 0.030555555555555558 0.002777777777777778 0.002777777777777778 0.3638888888888889 0.11388888888888887 0.058333333333333334 0.002777777777777778 0.22499999999999998 0.002777777777777778 0.002777777777777778 0.030555555555555558 0.002777777777777778 0.002777777777777778 0.002777777777777778 0.002777777777777778 
0.002 0.002 0.002 0.062 0.002 0.062 0.002 0.002 0.002 0.002 0.5820000000000001 0.002 0.222 0.002 0.002 0.002 0.002 0.002 0.002 0.042 
0.004166666666666667 0.004166666666666667 0.004166666666666667 0.04583333333333334 0.004166666666666667 0.004166666666666667 0.004166666666666667 0.004166666666666667 0.33749999999999997 0.004166666666666667 0.004166666666666667 0.004166666666666667 0.004166666666666667 0.004166666666666667 0.004166666666666667 0.004166666666666667 0.004166666666666667 0.004166666666666667 0.5041666666666667 0.04583333333333334 
0.002702702702702703 0.1108108108108108 0.19189189189189187 0.1108108108108108 0.002702702702702703 0.002702702702702703 0.002702702702702703 0.002702702702702703 0.08378378378378379 0.002702702702702703 0.4621621621621622 0.002702702702702703 0.002702702702702703 0.002702702702702703 0.002702702702702703 0.002702702702702703 0.002702702702702703 0.002702702702702703 0.002702702702702703 0.002702702702702703 
0.002380952380952381 0.02619047619047619 0.002380952380952381 0.002380952380952381 0.002380952380952381 0.02619047619047619 0.02619047619047619 0.002380952380952381 0.05 0.4547619047619048 0.3357142857142857 0.002380952380952381 0.002380952380952381 0.002380952380952381 0.02619047619047619 0.002380952380952381 0.002380952380952381 0.002380952380952381 0.02619047619047619 0.002380952380952381 
0.00625 0.00625 0.00625 0.00625 0.00625 0.00625 0.00625 0.00625 0.00625 0.00625 0.00625 0.00625 0.13125 0.00625 0.75625 0.00625 0.00625 0.00625 0.00625 0.00625 
0.0030303030303030303 0.06363636363636364 0.0030303030303030303 0.0030303030303030303 0.0030303030303030303 0.21515151515151515 0.0030303030303030303 0.0030303030303030303 0.0030303030303030303 0.03333333333333333 0.12424242424242424 0.0030303030303030303 0.21515151515151515 0.0030303030303030303 0.09393939393939395 0.0030303030303030303 0.0030303030303030303 0.06363636363636364 0.15454545454545454 0.0030303030303030303 
0.002777777777777778 0.002777777777777778 0.058333333333333334 0.002777777777777778 0.002777777777777778 0.41944444444444445 0.002777777777777778 0.002777777777777778 0.002777777777777778 0.002777777777777778 0.030555555555555558 0.002777777777777778 0.030555555555555558 0.25277777777777777 0.11388888888888887 0.002777777777777778 0.002777777777777778 0.002777777777777778 0.002777777777777778 0.058333333333333334 
0.004347826086956522 0.004347826086956522 0.004347826086956522 0.04782608695652174 0.04782608695652174 0.04782608695652174 0.004347826086956522 0.004347826086956522 0.004347826086956522 0.004347826086956522 0.004347826086956522 0.004347826086956522 0.2217391304347826 0.2217391304347826 0.13478260869565217 0.004347826086956522 0.004347826086956522 0.04782608695652174 0.1782608695652174 0.004347826086956522 
0.4462962962962963 0.001851851851851852 0.001851851851851852 0.11296296296296296 0.001851851851851852 0.001851851851851852 0.03888888888888889 0.001851851851851852 0.020370370370370372 0.001851851851851852 0.20555555555555555 0.001851851851851852 0.020370370370370372 0.001851851851851852 0.001851851851851852 0.001851851851851852 0.001851851851851852 0.001851851851851852 0.13148148148148148 0.001851851851851852 
0.002857142857142857 0.002857142857142857 0.002857142857142857 0.002857142857142857 0.002857142857142857 0.002857142857142857 0.002857142857142857 0.002857142857142857 0.002857142857142857 0.002857142857142857 0.002857142857142857 0.002857142857142857 0.9457142857142857 0.002857142857142857 0.002857142857142857 0.002857142857142857 0.002857142857142857 0.002857142857142857 0.002857142857142857 0.002857142857142857 
0.25967741935483873 0.0016129032258064516 0.0016129032258064516 0.0016129032258064516 0.0016129032258064516 0.0016129032258064516 0.0016129032258064516 0.0016129032258064516 0.0016129032258064516 0.0016129032258064516 0.0016129032258064516 0.0016129032258064516 0.6790322580645162 0.0016129032258064516 0.0016129032258064516 0.0016129032258064516 0.0016129032258064516 0.03387096774193549 0.0016129032258064516 0.0016129032258064516 
0.05961538461538462 0.0019230769230769232 0.0019230769230769232 0.0019230769230769232 0.0019230769230769232 0.021153846153846155 0.2326923076923077 0.0019230769230769232 0.0019230769230769232 0.0019230769230769232 0.0019230769230769232 0.0019230769230769232 0.38653846153846155 0.0019230769230769232 0.2519230769230769 0.021153846153846155 0.0019230769230769232 0.0019230769230769232 0.0019230769230769232 0.0019230769230769232 
0.0014925373134328358 0.0014925373134328358 0.0014925373134328358 0.0014925373134328358 0.0014925373134328358 0.13582089552238805 0.0014925373134328358 0.0014925373134328358 0.24029850746268658 0.016417910447761197 0.016417910447761197 0.0014925373134328358 0.04626865671641791 0.4492537313432836 0.0014925373134328358 0.0014925373134328358 0.0014925373134328358 0.0014925373134328358 0.07611940298507462 0.0014925373134328358 
0.004761904761904762 0.004761904761904762 0.004761904761904762 0.004761904761904762 0.05238095238095238 0.004761904761904762 0.004761904761904762 0.1952380952380952 0.004761904761904762 0.004761904761904762 0.004761904761904762 0.004761904761904762 0.004761904761904762 0.4333333333333333 0.24285714285714283 0.004761904761904762 0.004761904761904762 0.004761904761904762 0.004761904761904762 0.004761904761904762 
0.0017857142857142859 0.0017857142857142859 0.0017857142857142859 0.0732142857142857 0.0017857142857142859 0.0017857142857142859 0.0017857142857142859 0.0017857142857142859 0.0017857142857142859 0.0017857142857142859 0.0017857142857142859 0.0017857142857142859 0.0017857142857142859 0.0017857142857142859 0.8946428571428572 0.0017857142857142859 0.0017857142857142859 0.0017857142857142859 0.0017857142857142859 0.0017857142857142859 
0.255 0.005 0.005 0.005 0.05500000000000001 0.005 0.005 0.005 0.005 0.10500000000000001 0.005 0.005 0.005 0.255 0.005 0.10500000000000001 0.005 0.005 0.005 0.155 
0.9147058823529413 0.0029411764705882353 0.0029411764705882353 0.0029411764705882353 0.0029411764705882353 0.0029411764705882353 0.0029411764705882353 0.0029411764705882353 0.0029411764705882353 0.0029411764705882353 0.0029411764705882353 0.0029411764705882353 0.0029411764705882353 0.0029411764705882353 0.03235294117647059 0.0029411764705882353 0.0029411764705882353 0.0029411764705882353 0.0029411764705882353 0.0029411764705882353 
0.205 0.005 0.005 0.005 0.005 0.10500000000000001 0.10500000000000001 0.005 0.005 0.005 0.005 0.005 0.005 0.505 0.005 0.005 0.005 0.005 0.005 0.005 
0.004347826086956522 0.004347826086956522 0.13478260869565217 0.004347826086956522 0.004347826086956522 0.004347826086956522 0.39565217391304347 0.004347826086956522 0.004347826086956522 0.004347826086956522 0.004347826086956522 0.004347826086956522 0.004347826086956522 0.3521739130434782 0.04782608695652174 0.004347826086956522 0.004347826086956522 0.004347826086956522 0.004347826086956522 0.004347826086956522 
0.2207317073170732 0.0012195121951219512 0.09878048780487804 0.0012195121951219512 0.0012195121951219512 0.013414634146341465 0.0012195121951219512 0.0012195121951219512 0.0012195121951219512 0.0012195121951219512 0.0012195121951219512 0.0012195121951219512 0.46463414634146344 0.0012195121951219512 0.18414634146341463 0.0012195121951219512 0.0012195121951219512 0.0012195121951219512 0.0012195121951219512 0.0012195121951219512 
0.004166666666666667 0.004166666666666667 0.004166666666666667 0.004166666666666667 0.004166666666666667 0.004166666666666667 0.004166666666666667 0.004166666666666667 0.004166666666666667 0.004166666666666667 0.004166666666666667 0.004166666666666667 0.9208333333333334 0.004166666666666667 0.004166666666666667 0.004166666666666667 0.004166666666666667 0.004166666666666667 0.004166666666666667 0.004166666666666667 
0.0125 0.0125 0.0125 0.0125 0.0125 0.2625 0.0125 0.1375 0.0125 0.1375 0.1375 0.0125 0.0125 0.0125 0.1375 0.0125 0.0125 0.0125 0.0125 0.0125 
0.0025 0.0025 0.9025000000000001 0.0025 0.0025 0.027500000000000004 0.0025 0.0025 0.0025 0.0025 0.0025 0.0025 0.0025 0.027500000000000004 0.0025 0.0025 0.0025 0.0025 0.0025 0.0025 
0.005263157894736842 0.005263157894736842 0.05789473684210527 0.005263157894736842 0.005263157894736842 0.005263157894736842 0.005263157894736842 0.005263157894736842 0.005263157894736842 0.005263157894736842 0.005263157894736842 0.005263157894736842 0.1105263157894737 0.6368421052631579 0.1105263157894737 0.005263157894736842 0.005263157894736842 0.005263157894736842 0.005263157894736842 0.005263157894736842 
0.002857142857142857 0.002857142857142857 0.002857142857142857 0.002857142857142857 0.002857142857142857 0.002857142857142857 0.002857142857142857 0.002857142857142857 0.002857142857142857 0.002857142857142857 0.26 0.002857142857142857 0.08857142857142858 0.3171428571428571 0.060000000000000005 0.23142857142857143 0.002857142857142857 0.002857142857142857 0.002857142857142857 0.002857142857142857 
0.9147058823529413 0.0029411764705882353 0.0029411764705882353 0.0029411764705882353 0.0029411764705882353 0.0029411764705882353 0.0029411764705882353 0.0029411764705882353 0.0029411764705882353 0.0029411764705882353 0.0029411764705882353 0.0029411764705882353 0.0029411764705882353 0.0029411764705882353 0.03235294117647059 0.0029411764705882353 0.0029411764705882353 0.0029411764705882353 0.0029411764705882353 0.0029411764705882353 
0.011111111111111112 0.011111111111111112 0.011111111111111112 0.011111111111111112 0.011111111111111112 0.011111111111111112 0.011111111111111112 0.011111111111111112 0.011111111111111112 0.011111111111111112 0.34444444444444444 0.011111111111111112 0.011111111111111112 0.23333333333333334 0.011111111111111112 0.011111111111111112 0.011111111111111112 0.011111111111111112 0.011111111111111112 0.23333333333333334 
0.27307692307692305 0.0038461538461538464 0.0038461538461538464 0.0038461538461538464 0.0038461538461538464 0.0038461538461538464 0.0038461538461538464 0.0038461538461538464 0.04230769230769231 0.1576923076923077 0.31153846153846154 0.0038461538461538464 0.0038461538461538464 0.1576923076923077 0.0038461538461538464 0.0038461538461538464 0.0038461538461538464 0.0038461538461538464 0.0038461538461538464 0.0038461538461538464 
0.0029411764705882353 0.0029411764705882353 0.9147058823529413 0.0029411764705882353 0.0029411764705882353 0.0029411764705882353 0.0029411764705882353 0.0029411764705882353 0.0029411764705882353 0.0029411764705882353 0.0029411764705882353 0.0029411764705882353 0.0029411764705882353 0.0029411764705882353 0.0029411764705882353 0.0029411764705882353 0.0029411764705882353 0.0029411764705882353 0.03235294117647059 0.0029411764705882353 
0.0018867924528301887 0.020754716981132078 0.1339622641509434 0.0018867924528301887 0.0018867924528301887 0.0018867924528301887 0.0018867924528301887 0.0018867924528301887 0.020754716981132078 0.0018867924528301887 0.0018867924528301887 0.0018867924528301887 0.0018867924528301887 0.7943396226415095 0.0018867924528301887 0.0018867924528301887 0.0018867924528301887 0.0018867924528301887 0.0018867924528301887 0.0018867924528301887 
0.0035714285714285718 0.0035714285714285718 0.0035714285714285718 0.0035714285714285718 0.0035714285714285718 0.0035714285714285718 0.0035714285714285718 0.0035714285714285718 0.0035714285714285718 0.0035714285714285718 0.075 0.0035714285714285718 0.0035714285714285718 0.7892857142857144 0.0035714285714285718 0.0035714285714285718 0.0035714285714285718 0.0035714285714285718 0.0035714285714285718 0.075 
0.0016666666666666668 0.0016666666666666668 0.0016666666666666668 0.0016666666666666668 0.0016666666666666668 0.0016666666666666668 0.0016666666666666668 0.0016666666666666668 0.185 0.0016666666666666668 0.0016666666666666668 0.0016666666666666668 0.0016666666666666668 0.15166666666666667 0.16833333333333333 0.0016666666666666668 0.4683333333333334 0.0016666666666666668 0.0016666666666666668 0.0016666666666666668 
0.0125 0.0125 0.0125 0.0125 0.0125 0.0125 0.0125 0.0125 0.0125 0.0125 0.0125 0.0125 0.1375 0.0125 0.1375 0.1375 0.0125 0.0125 0.3875 0.0125 
0.26447368421052636 0.0013157894736842105 0.06710526315789474 0.0013157894736842105 0.0013157894736842105 0.0013157894736842105 0.0013157894736842105 0.0013157894736842105 0.0013157894736842105 0.0013157894736842105 0.0013157894736842105 0.0013157894736842105 0.5144736842105263 0.0013157894736842105 0.13289473684210526 0.0013157894736842105 0.0013157894736842105 0.0013157894736842105 0.0013157894736842105 0.0013157894736842105 
0.0033333333333333335 0.0033333333333333335 0.0033333333333333335 0.0033333333333333335 0.10333333333333333 0.0033333333333333335 0.0033333333333333335 0.0033333333333333335 0.30333333333333334 0.03666666666666667 0.0033333333333333335 0.0033333333333333335 0.0033333333333333335 0.5033333333333333 0.0033333333333333335 0.0033333333333333335 0.0033333333333333335 0.0033333333333333335 0.0033333333333333335 0.0033333333333333335 
0.0058823529411764705 0.0058823529411764705 0.0058823529411764705 0.0058823529411764705 0.0058823529411764705 0.0058823529411764705 0.0058823529411764705 0.06470588235294118 0.0058823529411764705 0.0058823529411764705 0.0058823529411764705 0.0058823529411764705 0.0058823529411764705 0.8294117647058823 0.0058823529411764705 0.0058823529411764705 0.0058823529411764705 0.0058823529411764705 0.0058823529411764705 0.0058823529411764705 
0.7285714285714285 0.014285714285714287 0.014285714285714287 0.014285714285714287 0.014285714285714287 0.014285714285714287 0.014285714285714287 0.014285714285714287 0.014285714285714287 0.014285714285714287 0.014285714285714287 0.014285714285714287 0.014285714285714287 0.014285714285714287 0.014285714285714287 0.014285714285714287 0.014285714285714287 0.014285714285714287 0.014285714285714287 0.014285714285714287 
0.0029411764705882353 0.0029411764705882353 0.9441176470588236 0.0029411764705882353 0.0029411764705882353 0.0029411764705882353 0.0029411764705882353 0.0029411764705882353 0.0029411764705882353 0.0029411764705882353 0.0029411764705882353 0.0029411764705882353 0.0029411764705882353 0.0029411764705882353 0.0029411764705882353 0.0029411764705882353 0.0029411764705882353 0.0029411764705882353 0.0029411764705882353 0.0029411764705882353 
0.002380952380952381 0.002380952380952381 0.002380952380952381 0.002380952380952381 0.002380952380952381 0.5023809523809524 0.002380952380952381 0.002380952380952381 0.002380952380952381 0.05 0.05 0.002380952380952381 0.002380952380952381 0.21666666666666665 0.0976190476190476 0.002380952380952381 0.002380952380952381 0.002380952380952381 0.05 0.002380952380952381 
0.004761904761904762 0.004761904761904762 0.05238095238095238 0.004761904761904762 0.004761904761904762 0.4333333333333333 0.004761904761904762 0.004761904761904762 0.004761904761904762 0.05238095238095238 0.004761904761904762 0.004761904761904762 0.004761904761904762 0.004761904761904762 0.1 0.004761904761904762 0.004761904761904762 0.29047619047619044 0.004761904761904762 0.004761904761904762 
0.0032258064516129032 0.0032258064516129032 0.9387096774193548 0.0032258064516129032 0.0032258064516129032 0.0032258064516129032 0.0032258064516129032 0.0032258064516129032 0.0032258064516129032 0.0032258064516129032 0.0032258064516129032 0.0032258064516129032 0.0032258064516129032 0.0032258064516129032 0.0032258064516129032 0.0032258064516129032 0.0032258064516129032 0.0032258064516129032 0.0032258064516129032 0.0032258064516129032 
0.9147058823529413 0.0029411764705882353 0.0029411764705882353 0.0029411764705882353 0.0029411764705882353 0.0029411764705882353 0.0029411764705882353 0.0029411764705882353 0.0029411764705882353 0.0029411764705882353 0.0029411764705882353 0.0029411764705882353 0.0029411764705882353 0.0029411764705882353 0.03235294117647059 0.0029411764705882353 0.0029411764705882353 0.0029411764705882353 0.0029411764705882353 0.0029411764705882353 
0.0016666666666666668 0.0016666666666666668 0.0016666666666666668 0.0016666666666666668 0.0016666666666666668 0.0016666666666666668 0.0016666666666666668 0.0016666666666666668 0.11833333333333333 0.0016666666666666668 0.0016666666666666668 0.0016666666666666668 0.0016666666666666668 0.20166666666666666 0.11833333333333333 0.0016666666666666668 0.535 0.0016666666666666668 0.0016666666666666668 0.0016666666666666668 
0.002325581395348837 0.002325581395348837 0.002325581395348837 0.002325581395348837 0.002325581395348837 0.002325581395348837 0.25813953488372093 0.002325581395348837 0.002325581395348837 0.002325581395348837 0.002325581395348837 0.002325581395348837 0.002325581395348837 0.002325581395348837 0.002325581395348837 0.025581395348837212 0.002325581395348837 0.002325581395348837 0.5604651162790698 0.11860465116279069 
0.26296296296296295 0.003703703703703704 0.003703703703703704 0.11481481481481481 0.003703703703703704 0.003703703703703704 0.003703703703703704 0.003703703703703704 0.003703703703703704 0.26296296296296295 0.003703703703703704 0.003703703703703704 0.003703703703703704 0.3 0.003703703703703704 0.003703703703703704 0.003703703703703704 0.003703703703703704 0.003703703703703704 0.003703703703703704 
0.0017857142857142859 0.0017857142857142859 0.0017857142857142859 0.0017857142857142859 0.0017857142857142859 0.0017857142857142859 0.0017857142857142859 0.0017857142857142859 0.0017857142857142859 0.0017857142857142859 0.09107142857142857 0.0017857142857142859 0.0017857142857142859 0.019642857142857146 0.8589285714285715 0.0017857142857142859 0.0017857142857142859 0.0017857142857142859 0.0017857142857142859 0.0017857142857142859 
0.0022222222222222222 0.0022222222222222222 0.0022222222222222222 0.33555555555555555 0.0022222222222222222 0.0022222222222222222 0.0022222222222222222 0.0022222222222222222 0.0022222222222222222 0.0022222222222222222 0.0022222222222222222 0.0022222222222222222 0.0911111111111111 0.4466666666666667 0.024444444444444446 0.0022222222222222222 0.0022222222222222222 0.024444444444444446 0.024444444444444446 0.024444444444444446 
0.002631578947368421 0.002631578947368421 0.002631578947368421 0.002631578947368421 0.002631578947368421 0.002631578947368421 0.002631578947368421 0.002631578947368421 0.002631578947368421 0.002631578947368421 0.002631578947368421 0.002631578947368421 0.05526315789473685 0.8184210526315789 0.002631578947368421 0.002631578947368421 0.002631578947368421 0.028947368421052635 0.002631578947368421 0.05526315789473685 
0.016666666666666666 0.016666666666666666 0.016666666666666666 0.18333333333333335 0.016666666666666666 0.35000000000000003 0.016666666666666666 0.016666666666666666 0.016666666666666666 0.016666666666666666 0.016666666666666666 0.016666666666666666 0.016666666666666666 0.016666666666666666 0.016666666666666666 0.016666666666666666 0.016666666666666666 0.016666666666666666 0.18333333333333335 0.016666666666666666 
0.409375 0.003125 0.003125 0.003125 0.003125 0.003125 0.034375 0.003125 0.003125 0.003125 0.003125 0.003125 0.003125 0.003125 0.471875 0.003125 0.003125 0.034375 0.003125 0.003125 
0.33555555555555555 0.0022222222222222222 0.0022222222222222222 0.0022222222222222222 0.0022222222222222222 0.0022222222222222222 0.0022222222222222222 0.0022222222222222222 0.024444444444444446 0.0022222222222222222 0.0022222222222222222 0.0022222222222222222 0.0022222222222222222 0.0022222222222222222 0.6022222222222222 0.0022222222222222222 0.0022222222222222222 0.0022222222222222222 0.0022222222222222222 0.0022222222222222222 
0.004 0.004 0.004 0.004 0.004 0.16399999999999998 0.004 0.004 0.004 0.004 0.364 0.004 0.004 0.40399999999999997 0.004 0.004 0.004 0.004 0.004 0.004 
0.007692307692307693 0.007692307692307693 0.007692307692307693 0.007692307692307693 0.007692307692307693 0.007692307692307693 0.3923076923076923 0.007692307692307693 0.007692307692307693 0.007692307692307693 0.007692307692307693 0.007692307692307693 0.007692307692307693 0.3923076923076923 0.007692307692307693 0.007692307692307693 0.08461538461538462 0.007692307692307693 0.007692307692307693 0.007692307692307693 
0.0035714285714285718 0.0035714285714285718 0.0035714285714285718 0.0035714285714285718 0.0035714285714285718 0.0035714285714285718 0.0035714285714285718 0.0035714285714285718 0.25357142857142856 0.0035714285714285718 0.0035714285714285718 0.0035714285714285718 0.28928571428571426 0.0035714285714285718 0.0035714285714285718 0.0035714285714285718 0.0035714285714285718 0.0035714285714285718 0.3964285714285714 0.0035714285714285718 
0.0029411764705882353 0.0029411764705882353 0.0029411764705882353 0.0029411764705882353 0.0029411764705882353 0.12058823529411763 0.03235294117647059 0.0029411764705882353 0.0029411764705882353 0.0029411764705882353 0.3852941176470588 0.0029411764705882353 0.0029411764705882353 0.2676470588235294 0.03235294117647059 0.03235294117647059 0.0029411764705882353 0.0029411764705882353 0.0911764705882353 0.0029411764705882353 
0.205 0.005 0.005 0.005 0.005 0.005 0.005 0.005 0.005 0.005 0.05500000000000001 0.005 0.005 0.05500000000000001 0.005 0.005 0.05500000000000001 0.005 0.005 0.5549999999999999 
0.0025 0.5025000000000001 0.0025 0.0025 0.0025 0.027500000000000004 0.0025 0.052500000000000005 0.0025 0.0025 0.3275 0.0025 0.027500000000000004 0.0025 0.0025 0.027500000000000004 0.0025 0.0025 0.0025 0.0025 
