0.0125 0.3875 0.0125 0.0125 0.0125 0.0125 0.0125 0.0125 0.0125 0.0125 0.0125 0.0125 0.0125 0.0125 0.2625 0.0125 0.0125 0.1375 0.0125 0.0125 
0.21666666666666665 0.002380952380952381 0.002380952380952381 0.002380952380952381 0.002380952380952381 0.28809523809523807 0.002380952380952381 0.07380952380952381 0.002380952380952381 0.16904761904761903 0.07380952380952381 0.07380952380952381 0.002380952380952381 0.002380952380952381 0.002380952380952381 0.07380952380952381 0.002380952380952381 0.002380952380952381 0.002380952380952381 0.002380952380952381 
0.002272727272727273 0.002272727272727273 0.025 0.025 0.002272727272727273 0.002272727272727273 0.07045454545454545 0.002272727272727273 0.002272727272727273 0.002272727272727273 0.002272727272727273 0.002272727272727273 0.002272727272727273 0.002272727272727273 0.5022727272727273 0.002272727272727273 0.22954545454545452 0.1159090909090909 0.002272727272727273 0.002272727272727273 
0.005263157894736842 0.005263157894736842 0.005263157894736842 0.005263157894736842 0.005263157894736842 0.005263157894736842 0.005263157894736842 0.4789473684210526 0.005263157894736842 0.32105263157894737 0.1105263157894737 0.005263157894736842 0.005263157894736842 0.005263157894736842 0.005263157894736842 0.005263157894736842 0.005263157894736842 0.005263157894736842 0.005263157894736842 0.005263157894736842 
0.005263157894736842 0.005263157894736842 0.005263157894736842 0.005263157894736842 0.005263157894736842 0.1105263157894737 0.005263157894736842 0.4789473684210526 0.005263157894736842 0.005263157894736842 0.005263157894736842 0.005263157894736842 0.005263157894736842 0.005263157894736842 0.32105263157894737 0.005263157894736842 0.005263157894736842 0.005263157894736842 0.005263157894736842 0.005263157894736842 
0.005263157894736842 0.005263157894736842 0.005263157894736842 0.26842105263157895 0.005263157894736842 0.005263157894736842 0.005263157894736842 0.32105263157894737 0.005263157894736842 0.1631578947368421 0.005263157894736842 0.005263157894736842 0.005263157894736842 0.005263157894736842 0.005263157894736842 0.1631578947368421 0.005263157894736842 0.005263157894736842 0.005263157894736842 0.005263157894736842 
0.05500000000000001 0.005 0.005 0.005 0.005 0.005 0.005 0.355 0.005 0.45499999999999996 0.05500000000000001 0.005 0.005 0.005 0.005 0.005 0.005 0.005 0.005 0.005 
0.005555555555555556 0.005555555555555556 0.005555555555555556 0.061111111111111116 0.005555555555555556 0.005555555555555556 0.005555555555555556 0.39444444444444443 0.005555555555555556 0.11666666666666667 0.005555555555555556 0.005555555555555556 0.005555555555555556 0.005555555555555556 0.061111111111111116 0.2833333333333333 0.005555555555555556 0.005555555555555556 0.005555555555555556 0.005555555555555556 
0.004761904761904762 0.1952380952380952 0.004761904761904762 0.14761904761904762 0.05238095238095238 0.004761904761904762 0.004761904761904762 0.29047619047619044 0.004761904761904762 0.004761904761904762 0.14761904761904762 0.004761904761904762 0.004761904761904762 0.004761904761904762 0.004761904761904762 0.004761904761904762 0.004761904761904762 0.004761904761904762 0.1 0.004761904761904762 
0.0058823529411764705 0.0058823529411764705 0.0058823529411764705 0.24117647058823527 0.0058823529411764705 0.06470588235294118 0.0058823529411764705 0.41764705882352937 0.0058823529411764705 0.0058823529411764705 0.0058823529411764705 0.0058823529411764705 0.0058823529411764705 0.0058823529411764705 0.0058823529411764705 0.12352941176470589 0.06470588235294118 0.0058823529411764705 0.0058823529411764705 0.0058823529411764705 
0.005263157894736842 0.1631578947368421 0.005263157894736842 0.05789473684210527 0.005263157894736842 0.005263157894736842 0.005263157894736842 0.4263157894736842 0.005263157894736842 0.005263157894736842 0.05789473684210527 0.005263157894736842 0.005263157894736842 0.005263157894736842 0.2157894736842105 0.005263157894736842 0.005263157894736842 0.005263157894736842 0.005263157894736842 0.005263157894736842 
0.005 0.005 0.10500000000000001 0.05500000000000001 0.005 0.005 0.005 0.355 0.005 0.005 0.005 0.005 0.005 0.005 0.10500000000000001 0.305 0.005 0.005 0.005 0.005 
0.0071428571428571435 0.0071428571428571435 0.0071428571428571435 0.0071428571428571435 0.0071428571428571435 0.0071428571428571435 0.0071428571428571435 0.5071428571428571 0.0071428571428571435 0.0071428571428571435 0.0071428571428571435 0.0071428571428571435 0.0071428571428571435 0.22142857142857145 0.07857142857142858 0.0071428571428571435 0.0071428571428571435 0.07857142857142858 0.0071428571428571435 0.0071428571428571435 
0.002272727272727273 0.18409090909090908 0.002272727272727273 0.18409090909090908 0.002272727272727273 0.002272727272727273 0.002272727272727273 0.002272727272727273 0.20681818181818182 0.04772727272727273 0.002272727272727273 0.002272727272727273 0.002272727272727273 0.04772727272727273 0.20681818181818182 0.002272727272727273 0.002272727272727273 0.09318181818181817 0.002272727272727273 0.002272727272727273 
0.005555555555555556 0.005555555555555556 0.005555555555555556 0.005555555555555556 0.005555555555555556 0.005555555555555556 0.005555555555555556 0.39444444444444443 0.005555555555555556 0.005555555555555556 0.005555555555555556 0.005555555555555556 0.005555555555555556 0.44999999999999996 0.061111111111111116 0.005555555555555556 0.005555555555555556 0.005555555555555556 0.005555555555555556 0.005555555555555556 
0.005263157894736842 0.1105263157894737 0.005263157894736842 0.005263157894736842 0.005263157894736842 0.005263157894736842 0.005263157894736842 0.32105263157894737 0.005263157894736842 0.005263157894736842 0.1631578947368421 0.005263157894736842 0.005263157894736842 0.005263157894736842 0.1631578947368421 0.005263157894736842 0.005263157894736842 0.1631578947368421 0.005263157894736842 0.005263157894736842 
0.004761904761904762 0.004761904761904762 0.004761904761904762 0.1 0.004761904761904762 0.004761904761904762 0.004761904761904762 0.33809523809523806 0.004761904761904762 0.004761904761904762 0.004761904761904762 0.004761904761904762 0.004761904761904762 0.29047619047619044 0.004761904761904762 0.004761904761904762 0.1952380952380952 0.004761904761904762 0.004761904761904762 0.004761904761904762 
0.005263157894736842 0.2157894736842105 0.005263157894736842 0.005263157894736842 0.005263157894736842 0.05789473684210527 0.05789473684210527 0.4263157894736842 0.005263157894736842 0.005263157894736842 0.005263157894736842 0.005263157894736842 0.005263157894736842 0.005263157894736842 0.005263157894736842 0.1105263157894737 0.005263157894736842 0.005263157894736842 0.05789473684210527 0.005263157894736842 
0.005263157894736842 0.005263157894736842 0.005263157894736842 0.2157894736842105 0.005263157894736842 0.005263157894736842 0.005263157894736842 0.4789473684210526 0.1105263157894737 0.005263157894736842 0.05789473684210527 0.005263157894736842 0.005263157894736842 0.005263157894736842 0.005263157894736842 0.005263157894736842 0.005263157894736842 0.005263157894736842 0.05789473684210527 0.005263157894736842 
0.0038461538461538464 0.0038461538461538464 0.0038461538461538464 0.0038461538461538464 0.23461538461538461 0.0038461538461538464 0.0038461538461538464 0.0038461538461538464 0.6192307692307693 0.0038461538461538464 0.0038461538461538464 0.0038461538461538464 0.0038461538461538464 0.0038461538461538464 0.0038461538461538464 0.04230769230769231 0.04230769230769231 0.0038461538461538464 0.0038461538461538464 0.0038461538461538464 
0.009090909090909092 0.1 0.009090909090909092 0.009090909090909092 0.1 0.009090909090909092 0.19090909090909092 0.009090909090909092 0.009090909090909092 0.009090909090909092 0.009090909090909092 0.009090909090909092 0.009090909090909092 0.3727272727272727 0.009090909090909092 0.1 0.009090909090909092 0.009090909090909092 0.009090909090909092 0.009090909090909092 
0.0032258064516129032 0.0032258064516129032 0.29354838709677417 0.0032258064516129032 0.0032258064516129032 0.0032258064516129032 0.0032258064516129032 0.0032258064516129032 0.0032258064516129032 0.035483870967741936 0.0032258064516129032 0.16451612903225804 0.0032258064516129032 0.3258064516129032 0.132258064516129 0.0032258064516129032 0.0032258064516129032 0.0032258064516129032 0.0032258064516129032 0.0032258064516129032 
0.004347826086956522 0.5695652173913043 0.04782608695652174 0.004347826086956522 0.004347826086956522 0.004347826086956522 0.1782608695652174 0.004347826086956522 0.004347826086956522 0.09130434782608696 0.004347826086956522 0.004347826086956522 0.004347826086956522 0.004347826086956522 0.004347826086956522 0.004347826086956522 0.04782608695652174 0.004347826086956522 0.004347826086956522 0.004347826086956522 
0.0030303030303030303 0.21515151515151515 0.0030303030303030303 0.0030303030303030303 0.0030303030303030303 0.0030303030303030303 0.0030303030303030303 0.0030303030303030303 0.0030303030303030303 0.0030303030303030303 0.0030303030303030303 0.0030303030303030303 0.0030303030303030303 0.27575757575757576 0.42727272727272725 0.0030303030303030303 0.03333333333333333 0.0030303030303030303 0.0030303030303030303 0.0030303030303030303 
0.005263157894736842 0.005263157894736842 0.005263157894736842 0.005263157894736842 0.005263157894736842 0.005263157894736842 0.005263157894736842 0.005263157894736842 0.005263157894736842 0.005263157894736842 0.05789473684210527 0.005263157894736842 0.005263157894736842 0.005263157894736842 0.8473684210526317 0.005263157894736842 0.005263157894736842 0.005263157894736842 0.005263157894736842 0.005263157894736842 
0.0015873015873015873 0.03333333333333333 0.0015873015873015873 0.2555555555555556 0.03333333333333333 0.2238095238095238 0.01746031746031746 0.01746031746031746 0.0015873015873015873 0.0015873015873015873 0.0015873015873015873 0.0015873015873015873 0.0015873015873015873 0.33492063492063495 0.0015873015873015873 0.01746031746031746 0.03333333333333333 0.0015873015873015873 0.0015873015873015873 0.01746031746031746 
0.005555555555555556 0.005555555555555556 0.005555555555555556 0.6722222222222222 0.005555555555555556 0.005555555555555556 0.005555555555555556 0.005555555555555556 0.005555555555555556 0.005555555555555556 0.005555555555555556 0.005555555555555556 0.061111111111111116 0.17222222222222222 0.005555555555555556 0.005555555555555556 0.005555555555555556 0.005555555555555556 0.005555555555555556 0.005555555555555556 
0.0038461538461538464 0.0038461538461538464 0.0038461538461538464 0.0038461538461538464 0.0038461538461538464 0.0038461538461538464 0.0038461538461538464 0.38846153846153847 0.0038461538461538464 0.0038461538461538464 0.0038461538461538464 0.0038461538461538464 0.0038461538461538464 0.0038461538461538464 0.23461538461538461 0.0038461538461538464 0.0038461538461538464 0.1576923076923077 0.1576923076923077 0.0038461538461538464 
0.0019230769230769232 0.21346153846153845 0.0019230769230769232 0.0019230769230769232 0.0019230769230769232 0.0019230769230769232 0.0019230769230769232 0.09807692307692308 0.07884615384615384 0.5019230769230769 0.0019230769230769232 0.0019230769230769232 0.0019230769230769232 0.0019230769230769232 0.0019230769230769232 0.0019230769230769232 0.07884615384615384 0.0019230769230769232 0.0019230769230769232 0.0019230769230769232 
0.005555555555555556 0.17222222222222222 0.005555555555555556 0.005555555555555556 0.005555555555555556 0.005555555555555556 0.005555555555555556 0.33888888888888885 0.061111111111111116 0.22777777777777775 0.005555555555555556 0.005555555555555556 0.005555555555555556 0.005555555555555556 0.11666666666666667 0.005555555555555556 0.005555555555555556 0.005555555555555556 0.005555555555555556 0.005555555555555556 
0.004347826086956522 0.004347826086956522 0.004347826086956522 0.1782608695652174 0.004347826086956522 0.004347826086956522 0.09130434782608696 0.004347826086956522 0.004347826086956522 0.004347826086956522 0.04782608695652174 0.004347826086956522 0.004347826086956522 0.004347826086956522 0.6130434782608696 0.004347826086956522 0.004347826086956522 0.004347826086956522 0.004347826086956522 0.004347826086956522 
0.022448979591836737 0.12448979591836734 0.0020408163265306124 0.0020408163265306124 0.0020408163265306124 0.022448979591836737 0.10408163265306122 0.0020408163265306124 0.0020408163265306124 0.04285714285714286 0.0020408163265306124 0.0020408163265306124 0.0020408163265306124 0.0020408163265306124 0.28775510204081634 0.0020408163265306124 0.022448979591836737 0.3489795918367347 0.0020408163265306124 0.0020408163265306124 
0.003448275862068966 0.14137931034482756 0.003448275862068966 0.10689655172413794 0.003448275862068966 0.3482758620689655 0.03793103448275863 0.03793103448275863 0.003448275862068966 0.14137931034482756 0.07241379310344828 0.003448275862068966 0.03793103448275863 0.003448275862068966 0.003448275862068966 0.003448275862068966 0.003448275862068966 0.03793103448275863 0.003448275862068966 0.003448275862068966 
0.002777777777777778 0.002777777777777778 0.002777777777777778 0.002777777777777778 0.002777777777777778 0.22499999999999998 0.002777777777777778 0.08611111111111111 0.44722222222222224 0.002777777777777778 0.002777777777777778 0.002777777777777778 0.002777777777777778 0.058333333333333334 0.14166666666666666 0.002777777777777778 0.002777777777777778 0.002777777777777778 0.002777777777777778 0.002777777777777778 
0.002272727272727273 0.13863636363636364 0.002272727272727273 0.002272727272727273 0.002272727272727273 0.002272727272727273 0.002272727272727273 0.002272727272727273 0.775 0.002272727272727273 0.002272727272727273 0.002272727272727273 0.002272727272727273 0.002272727272727273 0.002272727272727273 0.002272727272727273 0.025 0.002272727272727273 0.025 0.002272727272727273 
0.0035714285714285718 0.0035714285714285718 0.0035714285714285718 0.0035714285714285718 0.0035714285714285718 0.0035714285714285718 0.0035714285714285718 0.0035714285714285718 0.0035714285714285718 0.0035714285714285718 0.0035714285714285718 0.0035714285714285718 0.0035714285714285718 0.0035714285714285718 0.9321428571428572 0.0035714285714285718 0.0035714285714285718 0.0035714285714285718 0.0035714285714285718 0.0035714285714285718 
0.00196078431372549 0.00196078431372549 0.00196078431372549 0.00196078431372549 0.00196078431372549 0.2372549019607843 0.00196078431372549 0.00196078431372549 0.00196078431372549 0.41372549019607846 0.00196078431372549 0.00196078431372549 0.00196078431372549 0.00196078431372549 0.00196078431372549 0.1196078431372549 0.021568627450980395 0.1784313725490196 0.00196078431372549 0.00196078431372549 
0.0022222222222222222 0.0022222222222222222 0.0022222222222222222 0.0022222222222222222 0.0022222222222222222 0.0911111111111111 0.0022222222222222222 0.06888888888888889 0.4466666666666667 0.0022222222222222222 0.0022222222222222222 0.18 0.0022222222222222222 0.0022222222222222222 0.11333333333333333 0.0022222222222222222 0.0022222222222222222 0.06888888888888889 0.0022222222222222222 0.0022222222222222222 
0.005 0.005 0.005 0.905 0.005 0.005 0.005 0.005 0.005 0.005 0.005 0.005 0.005 0.005 0.005 0.005 0.005 0.005 0.005 0.005 
0.014285714285714287 0.014285714285714287 0.014285714285714287 0.014285714285714287 0.014285714285714287 0.014285714285714287 0.014285714285714287 0.014285714285714287 0.7285714285714285 0.014285714285714287 0.014285714285714287 0.014285714285714287 0.014285714285714287 0.014285714285714287 0.014285714285714287 0.014285714285714287 0.014285714285714287 0.014285714285714287 0.014285714285714287 0.014285714285714287 
0.0018181818181818182 0.2018181818181818 0.0018181818181818182 0.0018181818181818182 0.0018181818181818182 0.2018181818181818 0.0018181818181818182 0.0018181818181818182 0.0018181818181818182 0.14727272727272728 0.0018181818181818182 0.0018181818181818182 0.0018181818181818182 0.0018181818181818182 0.42000000000000004 0.0018181818181818182 0.0018181818181818182 0.0018181818181818182 0.0018181818181818182 0.0018181818181818182 
0.12222222222222223 0.011111111111111112 0.011111111111111112 0.34444444444444444 0.011111111111111112 0.011111111111111112 0.011111111111111112 0.011111111111111112 0.011111111111111112 0.12222222222222223 0.23333333333333334 0.011111111111111112 0.011111111111111112 0.011111111111111112 0.011111111111111112 0.011111111111111112 0.011111111111111112 0.011111111111111112 0.011111111111111112 0.011111111111111112 
0.01 0.01 0.01 0.71 0.01 0.01 0.01 0.01 0.01 0.01 0.01 0.11000000000000001 0.01 0.01 0.01 0.01 0.01 0.01 0.01 0.01 
0.0029411764705882353 0.0029411764705882353 0.061764705882352944 0.0029411764705882353 0.0029411764705882353 0.29705882352941176 0.0029411764705882353 0.03235294117647059 0.17941176470588235 0.0029411764705882353 0.0029411764705882353 0.0029411764705882353 0.0029411764705882353 0.0029411764705882353 0.0029411764705882353 0.03235294117647059 0.0029411764705882353 0.29705882352941176 0.0029411764705882353 0.061764705882352944 
0.002127659574468085 0.002127659574468085 0.002127659574468085 0.002127659574468085 0.002127659574468085 0.02340425531914894 0.002127659574468085 0.002127659574468085 0.6829787234042554 0.2574468085106383 0.002127659574468085 0.002127659574468085 0.002127659574468085 0.002127659574468085 0.002127659574468085 0.002127659574468085 0.002127659574468085 0.002127659574468085 0.002127659574468085 0.002127659574468085 
0.06470588235294118 0.0058823529411764705 0.0058823529411764705 0.0058823529411764705 0.0058823529411764705 0.12352941176470589 0.0058823529411764705 0.0058823529411764705 0.06470588235294118 0.0058823529411764705 0.0058823529411764705 0.0058823529411764705 0.06470588235294118 0.06470588235294118 0.0058823529411764705 0.0058823529411764705 0.0058823529411764705 0.4764705882352941 0.06470588235294118 0.0058823529411764705 
0.004347826086956522 0.004347826086956522 0.004347826086956522 0.004347826086956522 0.004347826086956522 0.004347826086956522 0.004347826086956522 0.004347826086956522 0.004347826086956522 0.004347826086956522 0.004347826086956522 0.004347826086956522 0.004347826086956522 0.004347826086956522 0.9173913043478261 0.004347826086956522 0.004347826086956522 0.004347826086956522 0.004347826086956522 0.004347826086956522 
0.002777777777777778 0.002777777777777778 0.002777777777777778 0.002777777777777778 0.002777777777777778 0.39166666666666666 0.002777777777777778 0.002777777777777778 0.08611111111111111 0.11388888888888887 0.14166666666666666 0.002777777777777778 0.002777777777777778 0.002777777777777778 0.030555555555555558 0.002777777777777778 0.002777777777777778 0.19722222222222222 0.002777777777777778 0.002777777777777778 
0.002 0.002 0.002 0.002 0.002 0.002 0.002 0.002 0.8220000000000001 0.002 0.002 0.002 0.002 0.002 0.022000000000000002 0.122 0.002 0.002 0.002 0.002 
0.004166666666666667 0.004166666666666667 0.12916666666666668 0.004166666666666667 0.004166666666666667 0.25416666666666665 0.004166666666666667 0.004166666666666667 0.004166666666666667 0.12916666666666668 0.04583333333333334 0.08750000000000001 0.004166666666666667 0.004166666666666667 0.04583333333333334 0.004166666666666667 0.25416666666666665 0.004166666666666667 0.004166666666666667 0.004166666666666667 
0.002702702702702703 0.002702702702702703 0.002702702702702703 0.002702702702702703 0.002702702702702703 0.002702702702702703 0.002702702702702703 0.002702702702702703 0.05675675675675676 0.002702702702702703 0.002702702702702703 0.16486486486486485 0.002702702702702703 0.08378378378378379 0.3 0.35405405405405405 0.002702702702702703 0.002702702702702703 0.002702702702702703 0.002702702702702703 
0.002380952380952381 0.002380952380952381 0.002380952380952381 0.002380952380952381 0.02619047619047619 0.16904761904761903 0.002380952380952381 0.002380952380952381 0.6214285714285714 0.07380952380952381 0.002380952380952381 0.002380952380952381 0.002380952380952381 0.002380952380952381 0.02619047619047619 0.02619047619047619 0.02619047619047619 0.002380952380952381 0.002380952380952381 0.002380952380952381 
0.00625 0.00625 0.00625 0.00625 0.00625 0.00625 0.00625 0.00625 0.00625 0.00625 0.00625 0.00625 0.00625 0.00625 0.00625 0.00625 0.00625 0.88125 0.00625 0.00625 
0.0030303030303030303 0.0030303030303030303 0.0030303030303030303 0.0030303030303030303 0.03333333333333333 0.09393939393939395 0.33636363636363636 0.0030303030303030303 0.24545454545454545 0.03333333333333333 0.0030303030303030303 0.0030303030303030303 0.03333333333333333 0.0030303030303030303 0.0030303030303030303 0.0030303030303030303 0.0030303030303030303 0.18484848484848485 0.0030303030303030303 0.0030303030303030303 
0.030555555555555558 0.11388888888888887 0.002777777777777778 0.28055555555555556 0.002777777777777778 0.002777777777777778 0.14166666666666666 0.030555555555555558 0.002777777777777778 0.28055555555555556 0.002777777777777778 0.002777777777777778 0.002777777777777778 0.08611111111111111 0.002777777777777778 0.002777777777777778 0.002777777777777778 0.002777777777777778 0.002777777777777778 0.002777777777777778 
0.004347826086956522 0.004347826086956522 0.004347826086956522 0.09130434782608696 0.004347826086956522 0.004347826086956522 0.004347826086956522 0.004347826086956522 0.2652173913043478 0.004347826086956522 0.004347826086956522 0.004347826086956522 0.004347826086956522 0.004347826086956522 0.5260869565217391 0.004347826086956522 0.004347826086956522 0.004347826086956522 0.004347826086956522 0.04782608695652174 
0.001851851851851852 0.001851851851851852 0.22407407407407406 0.001851851851851852 0.001851851851851852 0.05740740740740741 0.1685185185185185 0.1685185185185185 0.001851851851851852 0.24259259259259258 0.001851851851851852 0.001851851851851852 0.001851851851851852 0.11296296296296296 0.001851851851851852 0.001851851851851852 0.001851851851851852 0.001851851851851852 0.001851851851851852 0.001851851851851852 
0.002857142857142857 0.002857142857142857 0.002857142857142857 0.002857142857142857 0.002857142857142857 0.002857142857142857 0.002857142857142857 0.002857142857142857 0.002857142857142857 0.002857142857142857 0.002857142857142857 0.002857142857142857 0.002857142857142857 0.002857142857142857 0.8885714285714286 0.002857142857142857 0.002857142857142857 0.060000000000000005 0.002857142857142857 0.002857142857142857 
0.0016129032258064516 0.0016129032258064516 0.4370967741935484 0.0016129032258064516 0.0016129032258064516 0.0016129032258064516 0.0016129032258064516 0.21129032258064515 0.0016129032258064516 0.03387096774193549 0.0016129032258064516 0.0016129032258064516 0.0016129032258064516 0.13064516129032258 0.05 0.11451612903225807 0.0016129032258064516 0.0016129032258064516 0.0016129032258064516 0.0016129032258064516 
0.0019230769230769232 0.0019230769230769232 0.05961538461538462 0.0019230769230769232 0.0019230769230769232 0.11730769230769231 0.0019230769230769232 0.05961538461538462 0.0019230769230769232 0.21346153846153845 0.0019230769230769232 0.0019230769230769232 0.0019230769230769232 0.021153846153846155 0.38653846153846155 0.0019230769230769232 0.0019230769230769232 0.11730769230769231 0.0019230769230769232 0.0019230769230769232 
0.016417910447761197 0.0014925373134328358 0.0014925373134328358 0.3597014925373134 0.0014925373134328358 0.24029850746268658 0.0014925373134328358 0.0014925373134328358 0.0014925373134328358 0.3149253731343284 0.0014925373134328358 0.0014925373134328358 0.0014925373134328358 0.0014925373134328358 0.04626865671641791 0.0014925373134328358 0.0014925373134328358 0.0014925373134328358 0.0014925373134328358 0.0014925373134328358 
0.05238095238095238 0.5761904761904761 0.004761904761904762 0.004761904761904762 0.004761904761904762 0.004761904761904762 0.1952380952380952 0.004761904761904762 0.05238095238095238 0.004761904761904762 0.004761904761904762 0.004761904761904762 0.004761904761904762 0.05238095238095238 0.004761904761904762 0.004761904761904762 0.004761904761904762 0.004761904761904762 0.004761904761904762 0.004761904761904762 
0.0017857142857142859 0.9482142857142858 0.0017857142857142859 0.019642857142857146 0.0017857142857142859 0.0017857142857142859 0.0017857142857142859 0.0017857142857142859 0.0017857142857142859 0.0017857142857142859 0.0017857142857142859 0.0017857142857142859 0.0017857142857142859 0.0017857142857142859 0.0017857142857142859 0.0017857142857142859 0.0017857142857142859 0.0017857142857142859 0.0017857142857142859 0.0017857142857142859 
0.005 0.005 0.005 0.355 0.005 0.005 0.255 0.205 0.005 0.005 0.005 0.005 0.005 0.005 0.005 0.05500000000000001 0.005 0.005 0.05500000000000001 0.005 
0.0029411764705882353 0.0029411764705882353 0.0029411764705882353 0.8558823529411765 0.0029411764705882353 0.03235294117647059 0.0029411764705882353 0.061764705882352944 0.0029411764705882353 0.0029411764705882353 0.0029411764705882353 0.0029411764705882353 0.0029411764705882353 0.0029411764705882353 0.0029411764705882353 0.0029411764705882353 0.0029411764705882353 0.0029411764705882353 0.0029411764705882353 0.0029411764705882353 
0.005 0.005 0.005 0.605 0.005 0.005 0.005 0.205 0.005 0.005 0.005 0.005 0.005 0.10500000000000001 0.005 0.005 0.005 0.005 0.005 0.005 
0.2652173913043478 0.004347826086956522 0.004347826086956522 0.13478260869565217 0.004347826086956522 0.004347826086956522 0.39565217391304347 0.004347826086956522 0.004347826086956522 0.09130434782608696 0.04782608695652174 0.004347826086956522 0.004347826086956522 0.004347826086956522 0.004347826086956522 0.004347826086956522 0.004347826086956522 0.004347826086956522 0.004347826086956522 0.004347826086956522 
0.0012195121951219512 0.2207317073170732 0.0012195121951219512 0.0012195121951219512 0.0012195121951219512 0.0012195121951219512 0.0012195121951219512 0.18414634146341463 0.0012195121951219512 0.0012195121951219512 0.025609756097560978 0.0012195121951219512 0.0012195121951219512 0.0012195121951219512 0.025609756097560978 0.26951219512195124 0.0012195121951219512 0.2573170731707317 0.0012195121951219512 0.0012195121951219512 
0.004166666666666667 0.004166666666666667 0.004166666666666667 0.004166666666666667 0.004166666666666667 0.004166666666666667 0.004166666666666667 0.004166666666666667 0.004166666666666667 0.004166666666666667 0.004166666666666667 0.004166666666666667 0.004166666666666667 0.004166666666666667 0.8791666666666668 0.04583333333333334 0.004166666666666667 0.004166666666666667 0.004166666666666667 0.004166666666666667 
0.0125 0.0125 0.0125 0.0125 0.0125 0.0125 0.5125 0.0125 0.0125 0.0125 0.0125 0.0125 0.0125 0.0125 0.0125 0.1375 0.0125 0.1375 0.0125 0.0125 
0.0025 0.0025 0.0025 0.9525 0.0025 0.0025 0.0025 0.0025 0.0025 0.0025 0.0025 0.0025 0.0025 0.0025 0.0025 0.0025 0.0025 0.0025 0.0025 0.0025 
0.005263157894736842 0.2157894736842105 0.005263157894736842 0.1105263157894737 0.005263157894736842 0.005263157894736842 0.2157894736842105 0.005263157894736842 0.32105263157894737 0.005263157894736842 0.005263157894736842 0.005263157894736842 0.005263157894736842 0.005263157894736842 0.005263157894736842 0.005263157894736842 0.005263157894736842 0.05789473684210527 0.005263157894736842 0.005263157894736842 
0.002857142857142857 0.002857142857142857 0.002857142857142857 0.23142857142857143 0.002857142857142857 0.002857142857142857 0.002857142857142857 0.002857142857142857 0.46 0.17428571428571427 0.002857142857142857 0.002857142857142857 0.002857142857142857 0.060000000000000005 0.002857142857142857 0.002857142857142857 0.03142857142857143 0.002857142857142857 0.002857142857142857 0.002857142857142857 
0.0029411764705882353 0.0029411764705882353 0.0029411764705882353 0.8558823529411765 0.0029411764705882353 0.03235294117647059 0.0029411764705882353 0.061764705882352944 0.0029411764705882353 0.0029411764705882353 0.0029411764705882353 0.0029411764705882353 0.0029411764705882353 0.0029411764705882353 0.0029411764705882353 0.0029411764705882353 0.0029411764705882353 0.0029411764705882353 0.0029411764705882353 0.0029411764705882353 
0.011111111111111112 0.011111111111111112 0.011111111111111112 0.011111111111111112 0.011111111111111112 0.011111111111111112 0.12222222222222223 0.011111111111111112 0.011111111111111112 0.23333333333333334 0.011111111111111112 0.011111111111111112 0.011111111111111112 0.4555555555555555 0.011111111111111112 0.011111111111111112 0.011111111111111112 0.011111111111111112 0.011111111111111112 0.011111111111111112 
0.0038461538461538464 0.0038461538461538464 0.0038461538461538464 0.11923076923076924 0.0038461538461538464 0.0038461538461538464 0.0038461538461538464 0.1576923076923077 0.6192307692307693 0.0038461538461538464 0.0038461538461538464 0.0038461538461538464 0.0038461538461538464 0.04230769230769231 0.0038461538461538464 0.0038461538461538464 0.0038461538461538464 0.0038461538461538464 0.0038461538461538464 0.0038461538461538464 
0.0029411764705882353 0.0029411764705882353 0.0029411764705882353 0.9441176470588236 0.0029411764705882353 0.0029411764705882353 0.0029411764705882353 0.0029411764705882353 0.0029411764705882353 0.0029411764705882353 0.0029411764705882353 0.0029411764705882353 0.0029411764705882353 0.0029411764705882353 0.0029411764705882353 0.0029411764705882353 0.0029411764705882353 0.0029411764705882353 0.0029411764705882353 0.0029411764705882353 
0.0018867924528301887 0.0018867924528301887 0.0018867924528301887 0.8320754716981132 0.0018867924528301887 0.0018867924528301887 0.0018867924528301887 0.020754716981132078 0.0018867924528301887 0.0018867924528301887 0.0018867924528301887 0.1150943396226415 0.0018867924528301887 0.0018867924528301887 0.0018867924528301887 0.0018867924528301887 0.0018867924528301887 0.0018867924528301887 0.0018867924528301887 0.0018867924528301887 
0.0035714285714285718 0.0035714285714285718 0.0035714285714285718 0.28928571428571426 0.0035714285714285718 0.0035714285714285718 0.0035714285714285718 0.0035714285714285718 0.6464285714285715 0.0035714285714285718 0.0035714285714285718 0.0035714285714285718 0.0035714285714285718 0.0035714285714285718 0.0035714285714285718 0.0035714285714285718 0.0035714285714285718 0.0035714285714285718 0.0035714285714285718 0.0035714285714285718 
0.3516666666666667 0.15166666666666667 0.0016666666666666668 0.0016666666666666668 0.0016666666666666668 0.21833333333333332 0.0016666666666666668 0.0016666666666666668 0.018333333333333333 0.0016666666666666668 0.0016666666666666668 0.0016666666666666668 0.0016666666666666668 0.0016666666666666668 0.0016666666666666668 0.0016666666666666668 0.035 0.20166666666666666 0.0016666666666666668 0.0016666666666666668 
0.0125 0.0125 0.0125 0.5125 0.0125 0.0125 0.0125 0.0125 0.1375 0.0125 0.0125 0.0125 0.0125 0.0125 0.0125 0.0125 0.0125 0.1375 0.0125 0.0125 
0.0013157894736842105 0.13289473684210526 0.0013157894736842105 0.027631578947368424 0.0013157894736842105 0.0013157894736842105 0.0013157894736842105 0.13289473684210526 0.0013157894736842105 0.0013157894736842105 0.0013157894736842105 0.0013157894736842105 0.0013157894736842105 0.0013157894736842105 0.09342105263157895 0.27763157894736845 0.0013157894736842105 0.3171052631578948 0.0013157894736842105 0.0013157894736842105 
0.0033333333333333335 0.2033333333333333 0.0033333333333333335 0.30333333333333334 0.0033333333333333335 0.23666666666666666 0.10333333333333333 0.0033333333333333335 0.0033333333333333335 0.03666666666666667 0.0033333333333333335 0.07 0.0033333333333333335 0.0033333333333333335 0.0033333333333333335 0.0033333333333333335 0.0033333333333333335 0.0033333333333333335 0.0033333333333333335 0.0033333333333333335 
0.0058823529411764705 0.0058823529411764705 0.0058823529411764705 0.711764705882353 0.0058823529411764705 0.0058823529411764705 0.0058823529411764705 0.12352941176470589 0.0058823529411764705 0.0058823529411764705 0.0058823529411764705 0.0058823529411764705 0.0058823529411764705 0.0058823529411764705 0.0058823529411764705 0.0058823529411764705 0.0058823529411764705 0.0058823529411764705 0.06470588235294118 0.0058823529411764705 
0.014285714285714287 0.15714285714285717 0.4428571428571429 0.014285714285714287 0.014285714285714287 0.014285714285714287 0.014285714285714287 0.014285714285714287 0.014285714285714287 0.014285714285714287 0.014285714285714287 0.014285714285714287 0.014285714285714287 0.15714285714285717 0.014285714285714287 0.014285714285714287 0.014285714285714287 0.014285714285714287 0.014285714285714287 0.014285714285714287 
0.03235294117647059 0.0029411764705882353 0.0029411764705882353 0.8852941176470589 0.0029411764705882353 0.0029411764705882353 0.03235294117647059 0.0029411764705882353 0.0029411764705882353 0.0029411764705882353 0.0029411764705882353 0.0029411764705882353 0.0029411764705882353 0.0029411764705882353 0.0029411764705882353 0.0029411764705882353 0.0029411764705882353 0.0029411764705882353 0.0029411764705882353 0.0029411764705882353 
0.002380952380952381 0.02619047619047619 0.002380952380952381 0.05 0.002380952380952381 0.002380952380952381 0.16904761904761903 0.002380952380952381 0.002380952380952381 0.6452380952380953 0.05 0.002380952380952381 0.002380952380952381 0.002380952380952381 0.002380952380952381 0.002380952380952381 0.002380952380952381 0.02619047619047619 0.002380952380952381 0.002380952380952381 
0.004761904761904762 0.004761904761904762 0.1 0.004761904761904762 0.004761904761904762 0.004761904761904762 0.004761904761904762 0.004761904761904762 0.05238095238095238 0.6238095238095238 0.004761904761904762 0.004761904761904762 0.004761904761904762 0.004761904761904762 0.05238095238095238 0.004761904761904762 0.004761904761904762 0.004761904761904762 0.004761904761904762 0.1 
0.0032258064516129032 0.0032258064516129032 0.0032258064516129032 0.9387096774193548 0.0032258064516129032 0.0032258064516129032 0.0032258064516129032 0.0032258064516129032 0.0032258064516129032 0.0032258064516129032 0.0032258064516129032 0.0032258064516129032 0.0032258064516129032 0.0032258064516129032 0.0032258064516129032 0.0032258064516129032 0.0032258064516129032 0.0032258064516129032 0.0032258064516129032 0.0032258064516129032 
0.0029411764705882353 0.0029411764705882353 0.0029411764705882353 0.8558823529411765 0.0029411764705882353 0.03235294117647059 0.0029411764705882353 0.061764705882352944 0.0029411764705882353 0.0029411764705882353 0.0029411764705882353 0.0029411764705882353 0.0029411764705882353 0.0029411764705882353 0.0029411764705882353 0.0029411764705882353 0.0029411764705882353 0.0029411764705882353 0.0029411764705882353 0.0029411764705882353 
0.40166666666666667 0.08499999999999999 0.0016666666666666668 0.018333333333333333 0.0016666666666666668 0.21833333333333332 0.051666666666666666 0.0016666666666666668 0.0016666666666666668 0.0016666666666666668 0.0016666666666666668 0.0016666666666666668 0.0016666666666666668 0.0016666666666666668 0.0016666666666666668 0.0016666666666666668 0.0016666666666666668 0.20166666666666666 0.0016666666666666668 0.0016666666666666668 
0.002325581395348837 0.002325581395348837 0.002325581395348837 0.5139534883720931 0.002325581395348837 0.002325581395348837 0.002325581395348837 0.002325581395348837 0.002325581395348837 0.002325581395348837 0.002325581395348837 0.002325581395348837 0.002325581395348837 0.1883720930232558 0.002325581395348837 0.002325581395348837 0.25813953488372093 0.002325581395348837 0.002325581395348837 0.002325581395348837 
0.003703703703703704 0.07777777777777778 0.003703703703703704 0.15185185185185185 0.003703703703703704 0.003703703703703704 0.003703703703703704 0.15185185185185185 0.003703703703703704 0.003703703703703704 0.003703703703703704 0.003703703703703704 0.003703703703703704 0.003703703703703704 0.003703703703703704 0.5592592592592592 0.003703703703703704 0.003703703703703704 0.003703703703703704 0.003703703703703704 
0.0017857142857142859 0.9482142857142858 0.0017857142857142859 0.019642857142857146 0.0017857142857142859 0.0017857142857142859 0.0017857142857142859 0.0017857142857142859 0.0017857142857142859 0.0017857142857142859 0.0017857142857142859 0.0017857142857142859 0.0017857142857142859 0.0017857142857142859 0.0017857142857142859 0.0017857142857142859 0.0017857142857142859 0.0017857142857142859 0.0017857142857142859 0.0017857142857142859 
0.0022222222222222222 0.0022222222222222222 0.0022222222222222222 0.31333333333333335 0.06888888888888889 0.0022222222222222222 0.18 0.0022222222222222222 0.0022222222222222222 0.0022222222222222222 0.0022222222222222222 0.0022222222222222222 0.0022222222222222222 0.38 0.0022222222222222222 0.024444444444444446 0.0022222222222222222 0.0022222222222222222 0.0022222222222222222 0.0022222222222222222 
0.002631578947368421 0.002631578947368421 0.002631578947368421 0.6078947368421053 0.002631578947368421 0.002631578947368421 0.2394736842105263 0.002631578947368421 0.002631578947368421 0.08157894736842106 0.002631578947368421 0.002631578947368421 0.028947368421052635 0.002631578947368421 0.002631578947368421 0.002631578947368421 0.002631578947368421 0.002631578947368421 0.002631578947368421 0.002631578947368421 
0.016666666666666666 0.016666666666666666 0.18333333333333335 0.016666666666666666 0.016666666666666666 0.016666666666666666 0.18333333333333335 0.016666666666666666 0.016666666666666666 0.35000000000000003 0.016666666666666666 0.016666666666666666 0.016666666666666666 0.016666666666666666 0.016666666666666666 0.016666666666666666 0.016666666666666666 0.016666666666666666 0.016666666666666666 0.016666666666666666 
0.003125 0.003125 0.065625 0.003125 0.003125 0.128125 0.034375 0.159375 0.003125 0.096875 0.003125 0.003125 0.003125 0.003125 0.128125 0.003125 0.003125 0.346875 0.003125 0.003125 
0.0022222222222222222 0.0022222222222222222 0.11333333333333333 0.0022222222222222222 0.0022222222222222222 0.11333333333333333 0.024444444444444446 0.024444444444444446 0.0022222222222222222 0.0911111111111111 0.0022222222222222222 0.0022222222222222222 0.0022222222222222222 0.0022222222222222222 0.0022222222222222222 0.024444444444444446 0.0022222222222222222 0.5800000000000001 0.0022222222222222222 0.0022222222222222222 
0.004 0.004 0.004 0.124 0.004 0.004 0.244 0.004 0.044000000000000004 0.484 0.004 0.004 0.004 0.004 0.044000000000000004 0.004 0.004 0.004 0.004 0.004 
0.007692307692307693 0.007692307692307693 0.007692307692307693 0.007692307692307693 0.007692307692307693 0.007692307692307693 0.46923076923076923 0.007692307692307693 0.16153846153846155 0.007692307692307693 0.007692307692307693 0.007692307692307693 0.007692307692307693 0.007692307692307693 0.007692307692307693 0.16153846153846155 0.007692307692307693 0.08461538461538462 0.007692307692307693 0.007692307692307693 
0.0035714285714285718 0.03928571428571429 0.25357142857142856 0.0035714285714285718 0.0035714285714285718 0.25357142857142856 0.18214285714285713 0.0035714285714285718 0.03928571428571429 0.0035714285714285718 0.0035714285714285718 0.0035714285714285718 0.0035714285714285718 0.0035714285714285718 0.0035714285714285718 0.0035714285714285718 0.0035714285714285718 0.18214285714285713 0.0035714285714285718 0.0035714285714285718 
0.0029411764705882353 0.0029411764705882353 0.0029411764705882353 0.15 0.0029411764705882353 0.0029411764705882353 0.0029411764705882353 0.0029411764705882353 0.7970588235294118 0.0029411764705882353 0.0029411764705882353 0.0029411764705882353 0.0029411764705882353 0.0029411764705882353 0.0029411764705882353 0.0029411764705882353 0.0029411764705882353 0.0029411764705882353 0.0029411764705882353 0.0029411764705882353 
0.005 0.005 0.005 0.005 0.05500000000000001 0.005 0.255 0.205 0.005 0.005 0.005 0.05500000000000001 0.305 0.005 0.005 0.05500000000000001 0.005 0.005 0.005 0.005 
0.0025 0.0025 0.0025 0.0025 0.0025 0.0025 0.0025 0.0025 0.3025 0.0025 0.027500000000000004 0.0025 0.0025 0.0025 0.6275000000000001 0.0025 0.0025 0.0025 0.0025 0.0025 
